571.254	247.829
571.252	247.83
571.251	247.831
571.249	247.831
571.246	247.833
571.244	247.834
571.242	247.835
571.239	247.836
571.236	247.838
571.233	247.84
571.23	247.842
571.227	247.843
571.223	247.845
571.219	247.848
571.216	247.85
571.211	247.853
571.206	247.855
571.202	247.857
571.197	247.86
571.192	247.863
571.188	247.864
571.184	247.866
571.181	247.868
571.177	247.87
571.174	247.872
571.172	247.873
571.169	247.874
571.167	247.875
571.166	247.876
571.164	247.877
571.163	247.877
571.163	247.877
571.162	247.878
571.162	247.878
571.162	247.878
571.163	247.877
571.163	247.877
571.163	247.877
571.163	247.877
571.163	247.877
571.164	247.877
571.164	247.877
571.164	247.877
571.164	247.877
571.164	247.877
571.164	247.877
571.164	247.877
571.164	247.877
571.164	247.877
571.164	247.876
571.163	247.876
571.148	247.885
571.088	247.918
571	247.967
570.831	248.062
570.675	248.15
570.447	248.28
570.239	248.399
570.127	248.463
570.049	248.508
570.02	248.525
570.008	248.532
569.993	248.542
569.977	248.552
569.965	248.559
569.95	248.569
569.938	248.577
569.922	248.586
569.906	248.596
569.894	248.603
569.877	248.613
569.861	248.622
569.849	248.63
569.832	248.639
569.816	248.649
569.804	248.656
569.789	248.666
569.777	248.673
569.761	248.683
569.745	248.693
569.733	248.7
569.716	248.71
569.7	248.719
569.688	248.726
569.672	248.737
569.656	248.747
569.643	248.754
569.627	248.764
569.614	248.771
569.597	248.781
569.579	248.792
569.566	248.8
569.548	248.81
569.53	248.821
569.517	248.829
569.499	248.84
569.481	248.852
569.467	248.86
569.449	248.871
569.435	248.879
569.416	248.891
569.397	248.903
569.382	248.912
569.362	248.924
569.343	248.936
569.328	248.946
569.307	248.958
569.286	248.971
569.271	248.981
569.249	248.994
569.233	249.003
569.211	249.017
569.189	249.03
569.172	249.04
569.149	249.054
569.126	249.068
569.109	249.078
569.085	249.093
569.061	249.107
569.043	249.118
569.018	249.133
568.999	249.144
568.974	249.16
568.949	249.176
568.929	249.188
568.903	249.204
568.877	249.22
568.858	249.232
568.831	249.249
568.805	249.265
568.785	249.278
568.758	249.294
568.738	249.307
568.711	249.324
568.683	249.341
568.663	249.353
568.635	249.371
568.607	249.388
568.585	249.401
568.556	249.418
568.526	249.435
568.504	249.449
568.475	249.467
568.453	249.481
568.424	249.5
568.394	249.519
568.372	249.533
568.342	249.552
568.312	249.571
568.289	249.585
568.259	249.604
568.228	249.623
568.205	249.637
568.174	249.656
568.15	249.67
568.119	249.689
568.087	249.708
568.063	249.722
568.032	249.741
568	249.759
567.977	249.774
567.946	249.793
567.914	249.812
567.89	249.826
567.858	249.845
567.834	249.859
567.802	249.878
567.769	249.897
567.745	249.912
567.712	249.93
567.68	249.949
567.656	249.963
567.623	249.982
567.59	250
567.565	250.015
567.533	250.033
567.508	250.048
567.475	250.066
567.442	250.085
567.418	250.099
567.385	250.118
567.352	250.136
567.327	250.151
567.294	250.17
567.261	250.19
567.236	250.205
567.201	250.225
567.176	250.24
567.143	250.26
567.11	250.278
567.086	250.292
567.054	250.31
567.021	250.329
566.997	250.342
566.966	250.361
566.934	250.379
566.911	250.392
566.88	250.41
566.858	250.423
566.828	250.441
566.798	250.459
566.776	250.472
566.746	250.489
566.717	250.507
566.696	250.52
566.669	250.537
566.642	250.554
566.622	250.567
566.596	250.585
566.576	250.598
566.551	250.616
566.527	250.633
566.509	250.645
566.486	250.661
566.463	250.678
566.446	250.69
566.424	250.707
566.403	250.725
566.388	250.738
566.368	250.757
566.353	250.772
566.334	250.792
566.316	250.812
566.303	250.828
566.287	250.849
566.272	250.87
566.262	250.886
566.249	250.908
566.239	250.929
566.232	250.946
566.223	250.969
566.217	250.986
566.209	251.01
566.201	251.033
566.195	251.051
566.188	251.075
566.183	251.099
566.179	251.118
566.175	251.143
566.173	251.168
566.172	251.188
566.171	251.214
566.171	251.233
566.172	251.26
566.174	251.287
566.177	251.307
566.183	251.335
566.19	251.363
566.196	251.385
566.205	251.413
566.215	251.442
566.223	251.463
566.234	251.492
566.243	251.513
566.255	251.542
566.269	251.571
566.279	251.593
566.294	251.622
566.31	251.651
566.322	251.673
566.338	251.702
566.356	251.732
566.369	251.754
566.387	251.783
566.401	251.805
566.421	251.835
566.44	251.864
566.455	251.886
566.475	251.916
566.495	251.945
566.511	251.967
566.533	251.997
566.554	252.027
566.571	252.049
566.593	252.079
566.61	252.101
566.634	252.131
566.657	252.161
566.675	252.183
566.698	252.214
566.722	252.244
566.739	252.266
566.764	252.296
566.788	252.326
566.807	252.349
566.831	252.379
566.85	252.402
566.875	252.433
566.9	252.464
566.919	252.486
566.945	252.517
566.97	252.548
566.989	252.571
567.014	252.602
567.039	252.633
567.059	252.657
567.085	252.688
567.104	252.712
567.131	252.744
567.158	252.775
567.177	252.799
567.204	252.832
567.231	252.864
567.25	252.888
567.277	252.921
567.304	252.953
567.324	252.977
567.351	253.01
567.371	253.034
567.398	253.066
567.425	253.099
567.445	253.124
567.471	253.157
567.498	253.191
567.518	253.216
567.545	253.249
567.571	253.283
567.59	253.308
567.616	253.342
567.636	253.367
567.662	253.401
567.69	253.434
567.71	253.459
567.738	253.492
567.766	253.525
567.787	253.55
567.815	253.583
567.843	253.616
567.865	253.641
567.895	253.675
567.917	253.7
567.945	253.734
567.973	253.768
567.994	253.794
568.022	253.827
568.049	253.861
568.07	253.887
568.098	253.92
568.126	253.954
568.147	253.98
568.174	254.014
568.194	254.039
568.222	254.073
568.249	254.107
568.271	254.132
568.299	254.166
568.328	254.2
568.35	254.225
568.379	254.259
568.407	254.292
568.427	254.317
568.454	254.35
568.474	254.375
568.501	254.408
568.528	254.44
568.549	254.465
568.576	254.496
568.602	254.528
568.623	254.552
568.65	254.584
568.677	254.616
568.698	254.641
568.726	254.673
568.746	254.698
568.773	254.731
568.799	254.763
568.818	254.787
568.842	254.819
568.867	254.85
568.886	254.874
568.912	254.905
568.939	254.936
568.96	254.96
568.988	254.991
569.009	255.015
569.037	255.047
569.065	255.079
569.086	255.103
569.113	255.135
569.14	255.167
569.161	255.191
569.188	255.223
569.215	255.255
569.236	255.28
569.263	255.312
569.284	255.337
569.312	255.369
569.341	255.402
569.362	255.426
569.39	255.459
569.418	255.491
569.44	255.515
569.469	255.548
569.498	255.581
569.519	255.606
569.548	255.638
569.569	255.663
569.598	255.696
569.627	255.73
569.649	255.755
569.678	255.789
569.707	255.822
569.729	255.848
569.758	255.881
569.787	255.915
569.808	255.94
569.837	255.973
569.858	255.998
569.887	256.031
569.916	256.064
569.937	256.089
569.966	256.122
569.995	256.155
570.016	256.179
570.044	256.212
570.072	256.245
570.092	256.269
570.12	256.301
570.14	256.325
570.167	256.357
570.194	256.388
570.214	256.412
570.24	256.443
570.267	256.475
570.286	256.498
570.313	256.529
570.339	256.56
570.358	256.582
570.384	256.613
570.403	256.635
570.428	256.665
570.453	256.696
570.472	256.719
570.497	256.75
570.523	256.781
570.541	256.804
570.566	256.835
570.591	256.867
570.61	256.89
570.636	256.922
570.654	256.945
570.678	256.976
570.702	257.007
570.719	257.029
570.74	257.06
570.762	257.09
570.778	257.112
570.799	257.14
570.82	257.169
570.835	257.19
570.855	257.217
570.87	257.238
570.89	257.266
570.909	257.293
570.923	257.314
570.941	257.341
570.959	257.368
570.972	257.389
570.99	257.416
571.008	257.444
571.021	257.465
571.038	257.492
571.051	257.513
571.067	257.542
571.084	257.57
571.097	257.592
571.114	257.622
571.131	257.652
571.143	257.675
571.158	257.706
571.174	257.738
571.187	257.763
571.204	257.797
571.218	257.824
571.236	257.859
571.253	257.895
571.266	257.923
571.282	257.96
571.297	257.998
571.308	258.026
571.321	258.064
571.334	258.103
571.344	258.132
571.358	258.171
571.368	258.201
571.381	258.241
571.393	258.28
571.402	258.31
571.414	258.351
571.425	258.391
571.434	258.421
571.445	258.462
571.455	258.503
571.463	258.533
571.473	258.574
571.481	258.605
571.49	258.646
571.5	258.688
571.507	258.72
571.517	258.762
571.527	258.805
571.534	258.837
571.544	258.88
571.554	258.923
571.562	258.956
571.573	258.999
571.582	259.032
571.594	259.077
571.606	259.121
571.615	259.155
571.628	259.2
571.64	259.245
571.65	259.279
571.663	259.325
571.676	259.37
571.686	259.405
571.7	259.452
571.71	259.487
571.724	259.534
571.739	259.581
571.749	259.617
571.764	259.665
571.778	259.712
571.789	259.748
571.804	259.797
571.819	259.845
571.831	259.881
571.846	259.93
571.858	259.966
571.874	260.015
571.89	260.063
571.902	260.1
571.918	260.148
571.934	260.196
571.947	260.232
571.963	260.28
571.979	260.328
571.991	260.362
572.006	260.409
572.019	260.444
572.037	260.492
572.058	260.541
572.073	260.578
572.094	260.627
572.115	260.676
572.131	260.712
572.151	260.76
572.169	260.808
572.181	260.843
572.196	260.89
572.208	260.925
572.226	260.973
572.247	261.022
572.262	261.059
572.282	261.108
572.301	261.157
572.313	261.193
572.328	261.24
572.344	261.288
572.357	261.324
572.376	261.372
572.391	261.409
572.411	261.458
572.432	261.507
572.447	261.544
572.467	261.593
572.488	261.642
572.502	261.678
572.522	261.727
572.541	261.776
572.556	261.812
572.575	261.861
572.59	261.897
572.608	261.946
572.627	261.995
572.64	262.031
572.658	262.079
572.675	262.128
572.687	262.164
572.703	262.212
572.719	262.26
572.73	262.295
572.745	262.342
572.755	262.377
572.769	262.422
572.781	262.468
572.791	262.502
572.802	262.546
572.814	262.591
572.823	262.624
572.834	262.668
572.844	262.711
572.851	262.744
572.86	262.786
572.866	262.818
572.873	262.861
572.88	262.904
572.885	262.936
572.893	262.979
572.901	263.022
572.906	263.055
572.912	263.098
572.919	263.141
572.923	263.174
572.929	263.218
572.934	263.252
572.941	263.297
572.948	263.342
572.952	263.375
572.954	263.418
572.956	263.461
572.958	263.493
572.961	263.537
572.964	263.58
572.967	263.613
572.969	263.658
572.971	263.692
572.974	263.737
572.978	263.783
572.98	263.818
572.984	263.865
572.988	263.911
572.991	263.946
572.995	263.993
572.999	264.039
573.003	264.075
573.007	264.122
573.009	264.158
573.012	264.206
573.014	264.254
573.015	264.29
573.018	264.337
573.021	264.385
573.023	264.421
573.027	264.468
573.031	264.516
573.033	264.552
573.037	264.6
573.039	264.636
573.044	264.685
573.048	264.734
573.052	264.771
573.057	264.82
573.062	264.869
573.067	264.906
573.072	264.955
573.076	265.004
573.079	265.041
573.083	265.09
573.086	265.127
573.089	265.177
573.092	265.226
573.095	265.264
573.098	265.314
573.101	265.364
573.104	265.401
573.108	265.451
573.112	265.501
573.115	265.539
573.119	265.589
573.122	265.626
573.126	265.677
573.131	265.728
573.134	265.766
573.138	265.816
573.141	265.867
573.143	265.905
573.144	265.954
573.145	266.004
573.146	266.042
573.147	266.092
573.149	266.13
573.153	266.181
573.158	266.233
573.161	266.271
573.165	266.324
573.167	266.376
573.169	266.415
573.17	266.467
573.173	266.518
573.175	266.556
573.179	266.607
573.182	266.645
573.185	266.697
573.188	266.749
573.191	266.789
573.193	266.841
573.196	266.893
573.198	266.932
573.199	266.984
573.201	267.036
573.203	267.077
573.205	267.13
573.206	267.17
573.206	267.222
573.206	267.273
573.206	267.311
573.207	267.363
573.211	267.417
573.214	267.457
573.221	267.512
573.227	267.566
573.23	267.606
573.233	267.658
573.236	267.697
573.241	267.75
573.247	267.803
573.25	267.842
573.254	267.893
573.255	267.944
573.256	267.982
573.256	268.031
573.256	268.081
573.258	268.117
573.262	268.166
573.265	268.203
573.272	268.251
573.279	268.3
573.285	268.336
573.294	268.384
573.302	268.432
573.307	268.468
573.313	268.515
573.319	268.562
573.323	268.598
573.329	268.644
573.335	268.678
573.343	268.724
573.352	268.768
573.36	268.802
573.37	268.846
573.38	268.889
573.386	268.921
573.395	268.963
573.406	269.006
573.417	269.038
573.435	269.08
573.45	269.112
573.469	269.154
573.489	269.196
573.504	269.227
573.524	269.268
573.545	269.309
573.561	269.339
573.582	269.379
573.604	269.419
573.62	269.449
573.642	269.49
573.658	269.52
573.681	269.56
573.703	269.599
573.721	269.629
573.746	269.669
573.771	269.71
573.79	269.739
573.815	269.779
573.84	269.818
573.859	269.847
573.884	269.887
573.903	269.916
573.93	269.955
573.959	269.995
573.982	270.025
574.015	270.066
574.046	270.107
574.067	270.137
574.093	270.177
574.117	270.217
574.136	270.246
574.164	270.287
574.187	270.318
574.22	270.359
574.256	270.4
574.283	270.431
574.319	270.471
574.355	270.509
574.382	270.537
574.418	270.573
574.455	270.61
574.483	270.639
574.521	270.679
574.549	270.711
574.585	270.753
574.62	270.797
574.646	270.829
574.679	270.871
574.712	270.914
574.737	270.946
574.773	270.989
574.809	271.032
574.836	271.064
574.873	271.106
574.902	271.138
574.942	271.181
574.982	271.224
575.013	271.257
575.054	271.303
575.094	271.349
575.124	271.384
575.162	271.429
575.2	271.474
575.23	271.508
575.27	271.553
575.299	271.586
575.339	271.629
575.378	271.67
575.408	271.701
575.447	271.741
575.486	271.782
575.515	271.812
575.555	271.853
575.595	271.894
575.625	271.923
575.664	271.963
575.694	271.992
575.733	272.033
575.771	272.075
575.799	272.107
575.834	272.15
575.869	272.193
575.895	272.224
575.931	272.266
575.97	272.307
576.001	272.338
576.043	272.379
576.074	272.409
576.113	272.448
576.15	272.487
576.177	272.516
576.213	272.556
576.249	272.595
576.276	272.624
576.311	272.663
576.347	272.702
576.373	272.731
576.407	272.769
576.432	272.797
576.464	272.833
576.494	272.869
576.517	272.895
576.545	272.93
576.574	272.965
576.596	272.991
576.625	273.026
576.654	273.06
576.676	273.086
576.705	273.119
576.726	273.144
576.753	273.176
576.78	273.207
576.8	273.23
576.829	273.259
576.857	273.288
576.877	273.31
576.903	273.339
576.928	273.368
576.946	273.39
576.971	273.419
576.989	273.441
577.014	273.47
577.038	273.499
577.056	273.52
577.079	273.547
577.102	273.572
577.119	273.589
577.141	273.611
577.163	273.632
577.18	273.648
577.202	273.669
577.217	273.685
577.237	273.707
577.255	273.73
577.269	273.746
577.288	273.768
577.306	273.79
577.317	273.806
577.33	273.828
577.343	273.849
577.354	273.864
577.371	273.882
577.383	273.896
577.4	273.916
577.417	273.935
577.429	273.948
577.445	273.964
577.46	273.979
577.469	273.991
577.481	274.008
577.493	274.025
577.502	274.039
577.515	274.058
577.525	274.073
577.538	274.093
577.55	274.113
577.559	274.126
577.57	274.14
577.581	274.152
577.588	274.162
577.598	274.175
577.609	274.188
577.619	274.199
577.633	274.215
577.644	274.226
577.657	274.241
577.67	274.255
577.68	274.266
577.694	274.281
577.707	274.296
577.716	274.306
577.727	274.32
577.738	274.334
577.747	274.345
577.761	274.36
577.772	274.372
577.788	274.388
577.805	274.404
577.817	274.417
577.832	274.435
577.844	274.454
577.851	274.471
577.858	274.493
577.866	274.516
577.873	274.531
577.885	274.551
577.892	274.566
577.899	274.586
577.904	274.607
577.907	274.624
577.911	274.648
577.915	274.675
577.918	274.698
577.922	274.73
577.923	274.763
577.921	274.786
577.915	274.815
577.91	274.837
577.902	274.866
577.893	274.896
577.885	274.918
577.875	274.947
577.863	274.975
577.853	274.995
577.838	275.021
577.822	275.047
577.809	275.068
577.792	275.098
577.778	275.12
577.758	275.151
577.738	275.182
577.721	275.206
577.699	275.236
577.675	275.267
577.656	275.29
577.631	275.319
577.604	275.348
577.583	275.37
577.555	275.398
577.533	275.419
577.502	275.447
577.471	275.474
577.447	275.495
577.413	275.522
577.379	275.549
577.353	275.568
577.317	275.594
577.28	275.62
577.252	275.64
577.214	275.665
577.185	275.685
577.146	275.711
577.106	275.736
577.077	275.755
577.036	275.779
576.995	275.804
576.964	275.823
576.922	275.848
576.878	275.873
576.845	275.891
576.8	275.916
576.766	275.934
576.72	275.958
576.674	275.982
576.64	276
576.594	276.023
576.548	276.047
576.513	276.065
576.466	276.088
576.419	276.112
576.383	276.129
576.336	276.152
576.299	276.169
576.251	276.191
576.202	276.213
576.165	276.229
576.116	276.252
576.066	276.276
576.028	276.294
575.977	276.319
575.926	276.342
575.888	276.36
575.838	276.382
575.801	276.4
575.755	276.424
575.709	276.449
575.672	276.468
575.619	276.492
575.564	276.517
575.523	276.536
575.47	276.561
575.416	276.585
575.375	276.602
575.319	276.625
575.276	276.642
575.217	276.666
575.159	276.691
575.115	276.709
575.06	276.733
575.005	276.758
574.963	276.776
574.907	276.801
574.85	276.825
574.808	276.844
574.752	276.868
574.71	276.887
574.656	276.91
574.602	276.934
574.562	276.952
574.507	276.976
574.452	276.999
574.41	277.017
574.355	277.042
574.3	277.066
574.258	277.084
574.203	277.108
574.161	277.126
574.106	277.149
574.052	277.172
574.012	277.189
573.959	277.211
573.906	277.232
573.867	277.248
573.816	277.269
573.765	277.29
573.728	277.305
573.679	277.325
573.643	277.34
573.596	277.359
573.548	277.377
573.513	277.389
573.467	277.406
573.422	277.422
573.391	277.435
573.351	277.451
573.314	277.467
573.286	277.48
573.25	277.495
573.223	277.507
573.187	277.523
573.153	277.538
573.127	277.549
573.094	277.564
573.06	277.577
573.034	277.587
573	277.599
572.967	277.609
572.942	277.617
572.911	277.626
572.888	277.634
572.859	277.644
572.83	277.655
572.809	277.663
572.781	277.673
572.753	277.684
572.731	277.692
572.702	277.702
572.673	277.713
572.652	277.721
572.623	277.732
572.602	277.741
572.574	277.752
572.545	277.764
572.523	277.772
572.493	277.784
572.463	277.796
572.441	277.805
572.41	277.817
572.38	277.829
572.357	277.838
572.326	277.851
572.303	277.86
572.271	277.874
572.239	277.887
572.214	277.898
572.18	277.912
572.145	277.926
572.119	277.937
572.083	277.952
572.046	277.967
572.019	277.979
571.982	277.995
571.953	278.007
571.914	278.023
571.875	278.04
571.845	278.053
571.805	278.07
571.765	278.087
571.735	278.1
571.694	278.118
571.653	278.136
571.623	278.149
571.581	278.168
571.549	278.181
571.507	278.199
571.463	278.218
571.431	278.232
571.387	278.251
571.342	278.27
571.309	278.284
571.263	278.303
571.217	278.322
571.182	278.336
571.136	278.356
571.101	278.37
571.054	278.39
571.007	278.409
570.971	278.424
570.922	278.444
570.874	278.464
570.837	278.479
570.787	278.499
570.737	278.519
570.699	278.534
570.648	278.555
570.61	278.57
570.558	278.59
570.507	278.611
570.468	278.626
570.416	278.647
570.364	278.668
570.324	278.684
570.272	278.705
570.219	278.726
570.179	278.742
570.125	278.763
570.085	278.779
570.031	278.801
569.977	278.822
569.936	278.838
569.882	278.86
569.828	278.882
569.787	278.898
569.732	278.919
569.677	278.941
569.636	278.958
569.581	278.98
569.539	278.997
569.483	279.019
569.427	279.042
569.385	279.059
569.328	279.082
569.272	279.104
569.23	279.121
569.173	279.144
569.117	279.167
569.074	279.184
569.016	279.208
568.973	279.225
568.915	279.249
568.857	279.272
568.813	279.29
568.755	279.313
568.696	279.336
568.653	279.354
568.594	279.378
568.535	279.402
568.491	279.42
568.432	279.443
568.388	279.461
568.329	279.485
568.27	279.509
568.225	279.527
568.165	279.551
568.106	279.575
568.061	279.593
568.002	279.617
567.943	279.641
567.899	279.659
567.839	279.683
567.795	279.701
567.735	279.725
567.676	279.749
567.631	279.767
567.572	279.791
567.513	279.816
567.468	279.834
567.409	279.858
567.35	279.882
567.306	279.9
567.246	279.924
567.202	279.942
567.142	279.966
567.083	279.991
567.038	280.008
566.979	280.032
566.92	280.055
566.875	280.073
566.816	280.097
566.757	280.121
566.712	280.139
566.653	280.162
566.608	280.18
566.548	280.204
566.489	280.228
566.444	280.246
566.385	280.27
566.326	280.294
566.281	280.312
566.222	280.336
566.163	280.36
566.118	280.378
566.059	280.403
566.014	280.421
565.956	280.446
565.897	280.471
565.853	280.489
565.794	280.514
565.735	280.538
565.69	280.556
565.631	280.581
565.572	280.606
565.528	280.625
565.469	280.65
565.425	280.669
565.366	280.694
565.307	280.719
565.263	280.737
565.204	280.761
565.145	280.786
565.1	280.804
565.041	280.829
564.982	280.853
564.938	280.872
564.878	280.896
564.834	280.915
564.775	280.94
564.716	280.965
564.672	280.984
564.613	281.008
564.553	281.033
564.509	281.051
564.45	281.076
564.392	281.101
564.348	281.118
564.291	281.142
564.249	281.158
564.196	281.179
564.144	281.199
564.104	281.216
564.049	281.241
563.992	281.266
563.948	281.285
563.888	281.31
563.829	281.335
563.787	281.353
563.731	281.378
563.689	281.397
563.632	281.421
563.574	281.444
563.53	281.462
563.473	281.485
563.416	281.509
563.373	281.526
563.317	281.549
563.262	281.572
563.221	281.589
563.167	281.612
563.127	281.628
563.074	281.65
563.02	281.672
562.98	281.688
562.928	281.708
562.877	281.729
562.839	281.744
562.788	281.763
562.738	281.783
562.701	281.797
562.653	281.817
562.617	281.831
562.571	281.85
562.524	281.868
562.489	281.881
562.442	281.898
562.395	281.915
562.361	281.927
562.317	281.945
562.274	281.961
562.243	281.973
562.202	281.988
562.172	282
562.133	282.017
562.094	282.034
562.065	282.047
562.025	282.063
561.986	282.08
561.957	282.092
561.918	282.109
561.879	282.126
561.849	282.139
561.81	282.156
561.78	282.168
561.741	282.182
561.702	282.195
561.675	282.205
561.64	282.218
561.605	282.232
561.577	282.244
561.539	282.26
561.5	282.278
561.471	282.291
561.434	282.308
561.407	282.322
561.37	282.34
561.332	282.357
561.303	282.369
561.262	282.382
561.219	282.394
561.186	282.404
561.141	282.419
561.097	282.435
561.064	282.449
561.021	282.467
560.988	282.481
560.944	282.499
560.899	282.518
560.866	282.533
560.821	282.553
560.776	282.573
560.741	282.588
560.695	282.609
560.647	282.629
560.611	282.642
560.561	282.66
560.524	282.674
560.475	282.692
560.428	282.712
560.394	282.727
560.35	282.75
560.306	282.773
560.272	282.791
560.225	282.815
560.175	282.837
560.136	282.853
560.082	282.874
560.042	282.89
559.988	282.911
559.933	282.932
559.892	282.946
559.838	282.965
559.783	282.983
559.741	282.998
559.684	283.02
559.628	283.043
559.587	283.061
559.532	283.085
559.49	283.104
559.434	283.129
559.378	283.155
559.336	283.174
559.282	283.201
559.228	283.227
559.189	283.245
559.136	283.268
559.084	283.292
559.045	283.31
558.991	283.335
558.951	283.355
558.897	283.381
558.842	283.407
558.8	283.427
558.743	283.453
558.684	283.477
558.639	283.495
558.58	283.518
558.521	283.542
558.477	283.561
558.421	283.589
558.378	283.61
558.323	283.638
558.268	283.667
558.226	283.688
558.171	283.716
558.115	283.744
558.074	283.763
558.018	283.789
557.964	283.815
557.923	283.835
557.869	283.863
557.827	283.885
557.772	283.914
557.715	283.943
557.673	283.965
557.618	283.994
557.564	284.023
557.525	284.045
557.473	284.074
557.421	284.103
557.382	284.125
557.329	284.155
557.288	284.178
557.235	284.211
557.182	284.244
557.141	284.27
557.088	284.305
557.032	284.34
556.989	284.365
556.93	284.399
556.871	284.433
556.828	284.459
556.771	284.495
556.73	284.522
556.676	284.558
556.622	284.592
556.58	284.617
556.524	284.651
556.468	284.684
556.426	284.71
556.372	284.746
556.317	284.783
556.277	284.811
556.223	284.847
556.183	284.874
556.129	284.909
556.076	284.943
556.037	284.97
555.986	285.007
555.936	285.045
555.898	285.074
555.847	285.111
555.795	285.147
555.755	285.175
555.7	285.211
555.66	285.239
555.607	285.276
555.558	285.313
555.523	285.339
555.479	285.374
555.436	285.408
555.401	285.434
555.353	285.47
555.302	285.505
555.263	285.531
555.211	285.566
555.171	285.593
555.12	285.631
555.069	285.669
555.031	285.698
554.98	285.735
554.93	285.772
554.891	285.8
554.841	285.837
554.791	285.873
554.754	285.901
554.707	285.939
554.671	285.967
554.622	286.005
554.573	286.043
554.538	286.072
554.493	286.112
554.448	286.151
554.414	286.18
554.365	286.216
554.311	286.245
554.266	286.261
554.204	286.279
554.161	286.297
554.113	286.333
554.07	286.378
554.039	286.412
553.997	286.457
553.953	286.5
553.919	286.532
553.875	286.574
553.83	286.615
553.797	286.645
553.752	286.685
553.719	286.714
553.674	286.752
553.629	286.79
553.596	286.817
553.553	286.853
553.509	286.889
553.475	286.915
553.427	286.95
553.379	286.986
553.343	287.013
553.296	287.049
553.261	287.075
553.215	287.109
553.169	287.143
553.135	287.168
553.089	287.204
553.044	287.24
553.009	287.268
552.964	287.305
552.919	287.343
552.885	287.372
552.841	287.409
552.807	287.438
552.762	287.476
552.717	287.514
552.683	287.542
552.638	287.581
552.593	287.619
552.559	287.648
552.514	287.686
552.468	287.725
552.434	287.753
552.388	287.791
552.354	287.819
552.308	287.857
552.262	287.895
552.228	287.923
552.182	287.961
552.137	287.998
552.103	288.026
552.057	288.063
552.013	288.101
551.98	288.13
551.937	288.169
551.904	288.199
551.861	288.24
551.817	288.28
551.786	288.31
551.744	288.348
551.701	288.384
551.667	288.411
551.619	288.445
551.57	288.48
551.535	288.507
551.49	288.544
551.458	288.573
551.416	288.613
551.375	288.653
551.345	288.684
551.304	288.725
551.263	288.765
551.23	288.793
551.185	288.829
551.139	288.866
551.104	288.893
551.059	288.931
551.026	288.959
550.981	288.995
550.937	289.032
550.903	289.06
550.858	289.098
550.813	289.136
550.779	289.163
550.735	289.198
550.69	289.233
550.655	289.259
550.608	289.296
550.573	289.324
550.526	289.362
550.479	289.399
550.443	289.428
550.395	289.466
550.347	289.504
550.312	289.532
550.266	289.57
550.22	289.607
550.184	289.636
550.136	289.673
550.101	289.701
550.053	289.739
550.007	289.776
549.972	289.804
549.927	289.841
549.882	289.878
549.848	289.907
549.802	289.944
549.756	289.982
549.721	290.01
549.676	290.049
549.642	290.077
549.599	290.115
549.557	290.152
549.525	290.18
549.482	290.216
549.436	290.253
549.4	290.281
549.35	290.318
549.297	290.353
549.257	290.378
549.204	290.411
549.167	290.437
549.123	290.475
549.081	290.517
549.049	290.548
549.005	290.589
548.959	290.63
548.924	290.661
548.877	290.702
548.829	290.742
548.794	290.773
548.746	290.813
548.71	290.843
548.662	290.883
548.613	290.924
548.576	290.954
548.526	290.994
548.477	291.034
548.44	291.064
548.392	291.103
548.345	291.143
548.312	291.173
548.269	291.213
548.237	291.243
548.192	291.281
548.146	291.319
548.111	291.348
548.063	291.389
548.015	291.428
547.978	291.456
547.928	291.491
547.879	291.527
547.841	291.556
547.79	291.596
547.752	291.627
547.699	291.669
547.648	291.71
547.611	291.74
547.565	291.779
547.52	291.819
547.487	291.849
547.441	291.89
547.394	291.931
547.358	291.962
547.31	292.003
547.273	292.034
547.226	292.076
547.179	292.118
547.144	292.15
547.097	292.193
547.049	292.235
547.015	292.266
546.969	292.306
546.924	292.344
546.891	292.372
546.848	292.406
546.817	292.432
546.775	292.465
546.733	292.499
546.7	292.527
546.655	292.566
546.606	292.606
546.567	292.637
546.513	292.678
546.457	292.718
546.417	292.749
546.364	292.79
546.326	292.821
546.278	292.862
546.231	292.902
546.195	292.933
546.147	292.973
546.099	293.013
546.064	293.043
546.018	293.083
545.973	293.123
545.939	293.153
545.894	293.194
545.86	293.226
545.815	293.269
545.769	293.313
545.734	293.345
545.686	293.388
545.638	293.43
545.602	293.461
545.553	293.502
545.504	293.543
545.468	293.573
545.418	293.613
545.381	293.642
545.331	293.681
545.28	293.72
545.242	293.75
545.192	293.789
545.143	293.829
545.108	293.86
545.062	293.902
545.016	293.944
544.979	293.974
544.93	294.014
544.893	294.043
544.843	294.082
544.793	294.121
544.756	294.15
544.706	294.189
544.656	294.228
544.618	294.256
544.569	294.292
544.522	294.329
544.488	294.357
544.443	294.397
544.409	294.427
544.363	294.469
544.315	294.51
544.28	294.54
544.235	294.579
544.191	294.615
544.159	294.642
544.116	294.677
544.072	294.711
544.037	294.738
543.99	294.773
543.955	294.8
543.909	294.836
543.864	294.873
543.831	294.9
543.787	294.937
543.742	294.973
543.709	295
543.665	295.035
543.621	295.07
543.589	295.096
543.546	295.131
543.515	295.158
543.474	295.195
543.434	295.232
543.403	295.26
543.361	295.296
543.317	295.33
543.284	295.355
543.24	295.387
543.196	295.42
543.163	295.445
543.121	295.479
543.091	295.505
543.052	295.539
543.015	295.574
542.987	295.6
542.951	295.634
542.915	295.668
542.887	295.693
542.849	295.725
542.812	295.757
542.786	295.781
542.751	295.812
542.725	295.835
542.689	295.866
542.653	295.897
542.625	295.921
542.587	295.954
542.551	295.986
542.526	296.009
542.495	296.037
542.464	296.063
542.44	296.081
542.406	296.104
542.379	296.122
542.343	296.146
542.306	296.173
542.278	296.196
542.241	296.231
542.205	296.266
542.178	296.292
542.144	296.324
542.113	296.356
542.092	296.381
542.066	296.414
542.046	296.438
542.015	296.468
541.979	296.498
541.951	296.52
541.912	296.55
541.873	296.58
541.843	296.603
541.804	296.634
541.764	296.666
541.733	296.69
541.691	296.723
541.66	296.748
541.618	296.781
541.575	296.814
541.544	296.838
541.502	296.87
541.46	296.901
541.429	296.924
541.388	296.955
541.348	296.985
541.318	297.009
541.279	297.042
541.251	297.068
541.213	297.102
541.175	297.135
541.145	297.157
541.103	297.181
541.061	297.205
541.032	297.226
540.996	297.258
540.961	297.292
540.934	297.318
540.899	297.352
540.874	297.377
540.84	297.411
540.808	297.444
540.783	297.467
540.751	297.497
540.718	297.528
540.695	297.551
540.665	297.584
540.636	297.617
540.615	297.643
540.588	297.678
540.569	297.703
540.543	297.735
540.519	297.766
540.5	297.791
540.476	297.827
540.452	297.865
540.435	297.893
540.412	297.93
540.39	297.967
540.374	297.995
540.354	298.032
540.339	298.06
540.32	298.097
540.303	298.135
540.292	298.164
540.278	298.203
540.266	298.243
540.257	298.272
540.244	298.311
540.231	298.35
540.221	298.379
540.208	298.419
540.2	298.45
540.19	298.49
540.182	298.532
540.178	298.563
540.175	298.605
540.174	298.647
540.174	298.678
540.176	298.72
540.181	298.761
540.185	298.792
540.193	298.833
540.198	298.863
540.204	298.905
540.212	298.946
540.22	298.977
540.234	299.016
540.252	299.056
540.267	299.086
540.288	299.125
540.311	299.164
540.329	299.193
540.354	299.23
540.373	299.258
540.398	299.297
540.423	299.337
540.441	299.367
540.466	299.408
540.489	299.448
540.505	299.478
540.526	299.519
540.545	299.56
540.56	299.59
540.581	299.631
540.597	299.661
540.619	299.702
540.641	299.744
540.659	299.775
540.683	299.817
540.708	299.859
540.726	299.891
540.751	299.934
540.776	299.976
540.794	300.008
540.818	300.051
540.836	300.083
540.859	300.126
540.884	300.17
540.903	300.203
540.93	300.25
540.958	300.296
540.979	300.331
541.006	300.376
541.034	300.422
541.056	300.458
541.085	300.506
541.106	300.542
541.134	300.59
541.161	300.637
541.181	300.672
541.208	300.719
541.235	300.766
541.254	300.801
541.28	300.847
541.307	300.894
541.329	300.929
541.36	300.976
541.383	301.012
541.413	301.06
541.444	301.108
541.467	301.144
541.499	301.191
541.53	301.239
541.554	301.275
541.587	301.322
541.619	301.368
541.643	301.403
541.674	301.449
541.696	301.483
541.722	301.528
541.746	301.572
541.763	301.606
541.787	301.65
541.812	301.696
541.833	301.731
541.865	301.78
541.897	301.83
541.921	301.869
541.951	301.921
541.972	301.96
541.998	302.011
542.024	302.063
542.044	302.101
542.07	302.152
542.096	302.203
542.114	302.241
542.138	302.292
542.163	302.342
542.184	302.38
542.214	302.429
542.237	302.467
542.269	302.518
542.299	302.57
542.322	302.609
542.352	302.662
542.382	302.714
542.405	302.752
542.434	302.802
542.464	302.852
542.487	302.888
542.517	302.938
542.539	302.974
542.567	303.024
542.595	303.073
542.616	303.109
542.644	303.157
542.673	303.205
542.695	303.242
542.724	303.291
542.754	303.342
542.776	303.38
542.807	303.431
542.83	303.469
542.861	303.52
542.891	303.572
542.914	303.612
542.944	303.666
542.973	303.72
542.996	303.759
543.025	303.809
543.054	303.857
543.077	303.893
543.106	303.94
543.128	303.975
543.155	304.02
543.182	304.065
543.202	304.098
543.228	304.139
543.254	304.181
543.273	304.212
543.298	304.254
543.324	304.296
543.343	304.329
543.37	304.372
543.389	304.405
543.414	304.449
543.439	304.493
543.457	304.525
543.481	304.567
543.506	304.609
543.525	304.64
543.551	304.683
543.577	304.726
543.596	304.758
543.622	304.802
543.642	304.835
543.67	304.879
543.698	304.922
543.719	304.954
543.745	304.996
543.769	305.037
543.788	305.069
543.812	305.111
543.836	305.154
543.856	305.186
543.881	305.23
543.9	305.262
543.925	305.305
543.948	305.348
543.966	305.38
543.992	305.424
544.018	305.467
544.039	305.499
544.067	305.542
544.096	305.586
544.118	305.619
544.147	305.664
544.168	305.698
544.195	305.744
544.222	305.789
544.242	305.823
544.268	305.867
544.295	305.911
544.314	305.942
544.339	305.983
544.364	306.023
544.382	306.054
544.406	306.095
544.424	306.125
544.447	306.167
544.471	306.208
544.488	306.239
544.513	306.281
544.537	306.322
544.555	306.352
544.58	306.392
544.604	306.431
544.622	306.46
544.645	306.498
544.663	306.526
544.688	306.563
544.714	306.598
544.735	306.624
544.765	306.658
544.796	306.691
544.821	306.715
544.854	306.747
544.886	306.777
544.91	306.8
544.941	306.83
544.965	306.852
544.996	306.882
545.029	306.911
545.054	306.932
545.088	306.959
545.124	306.985
545.152	307.004
545.189	307.028
545.228	307.053
545.257	307.07
545.297	307.093
545.327	307.11
545.368	307.131
545.409	307.15
545.44	307.164
545.481	307.182
545.523	307.199
545.554	307.211
545.597	307.226
545.639	307.24
545.672	307.25
545.716	307.263
545.749	307.272
545.793	307.284
545.839	307.295
545.873	307.303
545.92	307.312
545.968	307.321
546.003	307.327
546.052	307.335
546.101	307.342
546.138	307.347
546.188	307.353
546.226	307.357
546.277	307.361
546.329	307.365
546.368	307.367
546.421	307.37
546.473	307.372
546.513	307.373
546.566	307.373
546.619	307.372
546.66	307.37
546.715	307.366
546.757	307.364
546.811	307.36
546.866	307.356
546.907	307.353
546.963	307.349
547.018	307.344
547.06	307.34
547.117	307.334
547.173	307.328
547.216	307.323
547.273	307.315
547.316	307.309
547.373	307.299
547.43	307.289
547.473	307.28
547.529	307.268
547.585	307.255
547.627	307.245
547.683	307.231
547.739	307.216
547.781	307.204
547.839	307.187
547.882	307.174
547.939	307.156
547.996	307.138
548.038	307.124
548.094	307.105
548.149	307.085
548.191	307.069
548.246	307.048
548.301	307.025
548.342	307.007
548.397	306.982
548.438	306.964
548.492	306.938
548.546	306.912
548.586	306.893
548.641	306.866
548.695	306.838
548.735	306.817
548.79	306.789
548.844	306.76
548.885	306.737
548.939	306.707
548.98	306.685
549.036	306.655
549.091	306.624
549.133	306.601
549.188	306.57
549.243	306.539
549.285	306.515
549.34	306.484
549.395	306.452
549.436	306.428
549.492	306.396
549.533	306.372
549.589	306.34
549.644	306.307
549.686	306.283
549.741	306.251
549.797	306.219
549.839	306.195
549.894	306.162
549.95	306.13
549.991	306.106
550.047	306.074
550.088	306.05
550.144	306.018
550.199	305.985
550.24	305.961
550.295	305.928
550.35	305.896
550.392	305.872
550.447	305.839
550.503	305.807
550.544	305.783
550.6	305.752
550.642	305.727
550.696	305.695
550.75	305.662
550.791	305.638
550.845	305.605
550.9	305.573
550.942	305.548
550.998	305.516
551.053	305.484
551.094	305.46
551.148	305.427
551.189	305.402
551.243	305.37
551.298	305.337
551.339	305.313
551.393	305.281
551.448	305.248
551.489	305.224
551.544	305.191
551.599	305.159
551.641	305.135
551.696	305.102
551.738	305.078
551.794	305.046
551.85	305.014
551.892	304.99
551.949	304.959
552.005	304.927
552.047	304.904
552.103	304.871
552.158	304.839
552.2	304.815
552.256	304.782
552.298	304.758
552.355	304.726
552.412	304.693
552.455	304.669
552.511	304.637
552.567	304.604
552.609	304.58
552.665	304.548
552.721	304.516
552.763	304.491
552.818	304.459
552.86	304.434
552.915	304.401
552.97	304.368
553.012	304.344
553.068	304.312
553.124	304.279
553.166	304.255
553.223	304.223
553.28	304.192
553.324	304.168
553.381	304.137
553.424	304.113
553.48	304.081
553.536	304.049
553.578	304.025
553.634	303.993
553.689	303.96
553.731	303.936
553.786	303.904
553.842	303.872
553.884	303.848
553.94	303.815
553.982	303.791
554.038	303.759
554.093	303.726
554.135	303.702
554.19	303.67
554.246	303.638
554.288	303.614
554.343	303.581
554.399	303.549
554.441	303.525
554.497	303.492
554.539	303.468
554.595	303.436
554.651	303.404
554.693	303.38
554.75	303.349
554.806	303.318
554.848	303.294
554.904	303.263
554.96	303.231
555.002	303.207
555.058	303.175
555.1	303.151
555.156	303.119
555.211	303.088
555.253	303.064
555.309	303.032
555.365	303
555.407	302.977
555.463	302.945
555.519	302.914
555.561	302.89
555.616	302.859
555.658	302.835
555.714	302.803
555.769	302.771
555.811	302.747
555.866	302.715
555.921	302.683
555.962	302.659
556.017	302.626
556.072	302.594
556.113	302.571
556.169	302.539
556.21	302.516
556.265	302.484
556.32	302.452
556.361	302.428
556.416	302.396
556.47	302.364
556.511	302.34
556.566	302.307
556.62	302.275
556.661	302.251
556.715	302.219
556.756	302.196
556.811	302.164
556.865	302.133
556.906	302.11
556.96	302.079
557.015	302.048
557.055	302.024
557.109	301.993
557.163	301.961
557.203	301.937
557.257	301.906
557.297	301.882
557.351	301.85
557.404	301.818
557.444	301.795
557.498	301.764
557.551	301.733
557.591	301.71
557.644	301.679
557.697	301.648
557.736	301.625
557.789	301.594
557.828	301.57
557.88	301.54
557.932	301.509
557.971	301.486
558.022	301.456
558.074	301.426
558.113	301.403
558.164	301.373
558.215	301.343
558.253	301.321
558.304	301.292
558.342	301.27
558.392	301.241
558.441	301.213
558.478	301.191
558.526	301.163
558.573	301.135
558.608	301.115
558.654	301.089
558.699	301.063
558.732	301.044
558.775	301.019
558.807	301.001
558.848	300.977
558.888	300.954
558.917	300.937
558.955	300.916
558.993	300.895
559.02	300.879
559.056	300.859
559.091	300.839
559.117	300.824
559.151	300.805
559.176	300.791
559.208	300.772
559.24	300.754
559.263	300.741
559.293	300.722
559.322	300.704
559.343	300.69
559.373	300.672
559.403	300.654
559.427	300.641
559.46	300.624
559.485	300.611
559.519	300.593
559.553	300.576
559.578	300.563
559.611	300.546
559.643	300.529
559.666	300.517
559.697	300.5
559.727	300.483
559.75	300.471
559.78	300.454
559.803	300.442
559.834	300.425
559.865	300.408
559.888	300.395
559.919	300.377
559.95	300.358
559.974	300.345
560.007	300.326
560.041	300.307
560.067	300.292
560.102	300.272
560.128	300.257
560.163	300.237
560.199	300.217
560.226	300.202
560.263	300.181
560.3	300.161
560.328	300.146
560.365	300.125
560.402	300.104
560.43	300.088
560.468	300.067
560.497	300.051
560.536	300.029
560.575	300.007
560.605	299.99
560.645	299.967
560.684	299.944
560.712	299.926
560.749	299.901
560.787	299.877
560.817	299.86
560.86	299.837
560.892	299.82
560.935	299.796
560.978	299.773
561.01	299.755
561.054	299.731
561.097	299.708
561.129	299.689
561.173	299.665
561.216	299.64
561.248	299.622
561.291	299.597
561.322	299.579
561.361	299.555
561.401	299.53
561.432	299.511
561.476	299.485
561.522	299.459
561.558	299.44
561.608	299.413
561.657	299.387
561.694	299.367
561.743	299.34
561.78	299.32
561.828	299.292
561.877	299.265
561.913	299.244
561.962	299.217
562.011	299.189
562.048	299.169
562.097	299.142
562.147	299.116
562.185	299.095
562.235	299.068
562.272	299.048
562.322	299.02
562.373	298.992
562.411	298.971
562.462	298.942
562.512	298.913
562.551	298.892
562.602	298.863
562.653	298.834
562.692	298.813
562.744	298.785
562.784	298.764
562.838	298.736
562.891	298.708
562.931	298.686
562.984	298.657
563.036	298.627
563.075	298.605
563.128	298.575
563.18	298.545
563.22	298.522
563.273	298.492
563.313	298.469
563.366	298.439
563.42	298.408
563.461	298.385
563.515	298.355
563.569	298.324
563.609	298.301
563.664	298.27
563.718	298.239
563.759	298.216
563.813	298.184
563.854	298.161
563.909	298.13
563.964	298.099
564.005	298.075
564.06	298.044
564.114	298.013
564.156	297.989
564.211	297.958
564.266	297.927
564.307	297.903
564.363	297.872
564.404	297.848
564.46	297.816
564.515	297.784
564.556	297.76
564.611	297.728
564.665	297.695
564.707	297.672
564.763	297.64
564.819	297.609
564.861	297.585
564.918	297.554
564.96	297.53
565.016	297.498
565.071	297.466
565.114	297.442
565.17	297.41
565.227	297.377
565.27	297.353
565.327	297.321
565.384	297.289
565.427	297.265
565.483	297.233
565.526	297.209
565.583	297.177
565.64	297.144
565.683	297.12
565.741	297.087
565.798	297.054
565.841	297.029
565.898	296.996
565.956	296.963
565.999	296.938
566.057	296.906
566.1	296.881
566.158	296.849
566.216	296.817
566.259	296.793
566.317	296.76
566.375	296.727
566.418	296.702
566.475	296.669
566.533	296.635
566.576	296.611
566.633	296.578
566.676	296.553
566.733	296.52
566.79	296.488
566.833	296.463
566.889	296.432
566.946	296.4
566.987	296.376
567.043	296.345
567.097	296.314
567.138	296.291
567.192	296.26
567.232	296.237
567.285	296.207
567.337	296.176
567.376	296.154
567.428	296.124
567.48	296.095
567.518	296.073
567.57	296.044
567.621	296.016
567.659	295.995
567.708	295.966
567.744	295.945
567.793	295.917
567.842	295.889
567.878	295.868
567.927	295.839
567.976	295.811
568.012	295.789
568.059	295.76
568.107	295.732
568.143	295.712
568.191	295.686
568.227	295.667
568.275	295.641
568.322	295.616
568.357	295.596
568.405	295.569
568.452	295.543
568.487	295.522
568.534	295.495
568.582	295.468
568.617	295.447
568.665	295.42
568.701	295.399
568.749	295.371
568.798	295.344
568.835	295.323
568.884	295.295
568.934	295.267
568.972	295.246
569.023	295.217
569.074	295.189
569.112	295.167
569.162	295.138
569.199	295.116
569.249	295.086
569.3	295.057
569.338	295.035
569.39	295.005
569.441	294.976
569.48	294.954
569.533	294.925
569.585	294.895
569.625	294.872
569.677	294.842
569.717	294.819
569.77	294.788
569.823	294.757
569.864	294.734
569.917	294.703
569.971	294.672
570.011	294.648
570.066	294.617
570.121	294.586
570.163	294.563
570.218	294.532
570.26	294.508
570.315	294.476
570.37	294.443
570.412	294.419
570.468	294.386
570.525	294.354
570.567	294.329
570.624	294.296
570.68	294.263
570.723	294.238
570.78	294.205
570.823	294.18
570.88	294.146
570.938	294.112
570.981	294.086
571.039	294.052
571.097	294.017
571.141	293.992
571.199	293.957
571.258	293.922
571.302	293.896
571.362	293.86
571.406	293.834
571.465	293.799
571.524	293.764
571.569	293.738
571.628	293.703
571.688	293.668
571.732	293.642
571.791	293.607
571.85	293.572
571.894	293.546
571.953	293.511
571.997	293.485
572.054	293.451
572.112	293.417
572.155	293.392
572.211	293.358
572.268	293.325
572.31	293.3
572.366	293.268
572.421	293.235
572.463	293.211
572.517	293.18
572.558	293.157
572.612	293.126
572.665	293.096
572.705	293.075
572.759	293.046
572.81	293.018
572.848	292.996
572.895	292.968
572.939	292.938
572.97	292.916
573.012	292.887
573.044	292.865
573.089	292.838
573.136	292.813
573.171	292.794
573.218	292.77
573.265	292.746
573.299	292.728
573.345	292.703
573.39	292.679
573.424	292.662
573.468	292.638
573.501	292.621
573.545	292.597
573.588	292.574
573.619	292.556
573.662	292.532
573.705	292.508
573.737	292.49
573.779	292.465
573.822	292.441
573.854	292.423
573.896	292.398
573.928	292.38
573.971	292.356
574.014	292.331
574.047	292.313
574.09	292.289
574.134	292.265
574.166	292.247
574.211	292.222
574.256	292.197
574.289	292.178
574.335	292.152
574.37	292.131
574.417	292.104
574.464	292.077
574.5	292.056
574.549	292.028
574.597	292
574.634	291.978
574.683	291.949
574.733	291.92
574.771	291.898
574.822	291.868
574.86	291.846
574.912	291.816
574.964	291.786
575.004	291.763
575.057	291.732
575.111	291.702
575.151	291.679
575.206	291.648
575.26	291.617
575.301	291.594
575.355	291.562
575.396	291.538
575.452	291.506
575.507	291.473
575.549	291.448
575.605	291.415
575.661	291.382
575.703	291.357
575.76	291.324
575.817	291.291
575.86	291.266
575.917	291.233
575.961	291.209
576.018	291.175
576.076	291.142
576.119	291.116
576.177	291.082
576.235	291.048
576.279	291.022
576.338	290.988
576.396	290.953
576.44	290.926
576.499	290.891
576.543	290.864
576.603	290.829
576.662	290.794
576.707	290.768
576.767	290.732
576.826	290.697
576.872	290.67
576.932	290.635
576.993	290.599
577.038	290.572
577.099	290.536
577.144	290.509
577.204	290.473
577.265	290.437
577.311	290.41
577.373	290.375
577.435	290.339
577.481	290.313
577.543	290.276
577.604	290.24
577.65	290.213
577.71	290.176
577.756	290.149
577.818	290.113
577.879	290.076
577.926	290.049
577.988	290.013
578.049	289.976
578.096	289.949
578.158	289.912
578.22	289.876
578.267	289.848
578.33	289.812
578.377	289.784
578.44	289.748
578.503	289.711
578.55	289.684
578.613	289.647
578.676	289.611
578.724	289.584
578.787	289.547
578.851	289.511
578.899	289.484
578.962	289.447
579.01	289.42
579.073	289.384
579.137	289.347
579.184	289.32
579.248	289.284
579.311	289.248
579.359	289.221
579.422	289.184
579.486	289.148
579.534	289.121
579.597	289.084
579.645	289.057
579.708	289.021
579.771	288.986
579.819	288.959
579.883	288.923
579.946	288.887
579.994	288.86
580.058	288.824
580.122	288.788
580.17	288.761
580.234	288.725
580.282	288.698
580.345	288.662
580.408	288.627
580.456	288.6
580.52	288.565
580.583	288.53
580.631	288.504
580.694	288.469
580.757	288.434
580.803	288.408
580.865	288.372
580.912	288.346
580.973	288.311
581.034	288.276
581.08	288.249
581.141	288.214
581.202	288.179
581.247	288.153
581.308	288.119
581.369	288.085
581.415	288.059
581.475	288.025
581.521	288
581.581	287.966
581.641	287.932
581.686	287.907
581.745	287.873
581.804	287.839
581.848	287.814
581.907	287.78
581.965	287.747
582.008	287.723
582.066	287.69
582.108	287.666
582.165	287.634
582.221	287.603
582.262	287.579
582.317	287.548
582.372	287.516
582.412	287.493
582.466	287.462
582.518	287.432
582.557	287.41
582.609	287.38
582.648	287.357
582.699	287.328
582.75	287.299
582.787	287.278
582.838	287.25
582.888	287.221
582.925	287.2
582.974	287.172
583.023	287.144
583.06	287.123
583.108	287.096
583.145	287.075
583.193	287.047
583.241	287.02
583.277	286.999
583.324	286.972
583.372	286.945
583.407	286.925
583.454	286.898
583.501	286.872
583.535	286.853
583.581	286.827
583.616	286.808
583.662	286.782
583.707	286.756
583.741	286.737
583.787	286.711
583.832	286.685
583.866	286.666
583.911	286.641
583.956	286.615
583.989	286.596
584.033	286.571
584.066	286.552
584.11	286.527
584.154	286.502
584.187	286.484
584.229	286.46
584.271	286.435
584.304	286.417
584.347	286.392
584.39	286.368
584.423	286.35
584.466	286.325
584.498	286.307
584.54	286.282
584.582	286.257
584.613	286.239
584.654	286.215
584.694	286.19
584.724	286.172
584.764	286.147
584.803	286.123
584.833	286.105
584.872	286.081
584.902	286.063
584.943	286.039
584.983	286.016
585.013	285.998
585.052	285.975
585.091	285.951
585.12	285.934
585.159	285.911
585.197	285.889
585.226	285.872
585.265	285.85
585.294	285.835
585.333	285.814
585.373	285.794
585.402	285.779
585.442	285.761
585.481	285.743
585.511	285.73
585.552	285.714
585.592	285.699
585.623	285.689
585.664	285.676
585.695	285.667
585.735	285.657
585.776	285.647
585.807	285.641
585.848	285.634
585.89	285.628
585.922	285.624
585.964	285.621
586.007	285.618
586.039	285.617
586.081	285.617
586.113	285.618
586.155	285.62
586.196	285.623
586.227	285.626
586.269	285.632
586.31	285.639
586.342	285.645
586.383	285.654
586.424	285.665
586.454	285.674
586.494	285.688
586.524	285.7
586.563	285.717
586.601	285.735
586.629	285.75
586.666	285.771
586.701	285.794
586.727	285.812
586.761	285.837
586.794	285.864
586.818	285.885
586.848	285.914
586.87	285.936
586.897	285.966
586.923	285.996
586.942	286.02
586.967	286.053
586.991	286.086
587.008	286.112
587.031	286.146
587.053	286.182
587.069	286.209
587.089	286.245
587.104	286.273
587.122	286.309
587.14	286.346
587.153	286.374
587.17	286.412
587.187	286.45
587.201	286.479
587.218	286.518
587.235	286.558
587.248	286.588
587.264	286.628
587.277	286.658
587.294	286.699
587.311	286.74
587.324	286.77
587.341	286.812
587.358	286.853
587.371	286.884
587.388	286.925
587.404	286.966
587.417	286.997
587.434	287.039
587.448	287.071
587.466	287.113
587.484	287.156
587.498	287.189
587.516	287.232
587.535	287.274
587.549	287.307
587.569	287.35
587.589	287.393
587.605	287.425
587.626	287.469
587.642	287.501
587.664	287.545
587.686	287.588
587.703	287.621
587.725	287.665
587.747	287.709
587.764	287.742
587.786	287.785
587.808	287.829
587.826	287.861
587.849	287.905
587.866	287.937
587.89	287.98
587.914	288.022
587.931	288.054
587.954	288.096
587.977	288.138
587.994	288.17
588.017	288.212
588.039	288.253
588.057	288.284
588.08	288.325
588.097	288.356
588.121	288.396
588.145	288.437
588.163	288.467
588.186	288.506
588.21	288.546
588.228	288.575
588.252	288.613
588.276	288.651
588.294	288.679
588.318	288.716
588.336	288.743
588.36	288.779
588.385	288.815
588.403	288.841
588.428	288.875
588.452	288.909
588.471	288.934
588.496	288.967
588.521	288.999
588.54	289.022
588.566	289.053
588.585	289.075
588.611	289.104
588.637	289.131
588.657	289.152
588.685	289.178
588.713	289.203
588.734	289.222
588.762	289.246
588.792	289.269
588.815	289.285
588.846	289.307
588.868	289.322
588.895	289.342
588.921	289.362
588.941	289.375
588.969	289.393
588.999	289.409
589.022	289.42
589.052	289.433
589.083	289.446
589.106	289.454
589.138	289.464
589.161	289.471
589.192	289.479
589.224	289.485
589.247	289.489
589.28	289.493
589.312	289.496
589.336	289.497
589.368	289.499
589.4	289.499
589.424	289.499
589.456	289.498
589.48	289.496
589.513	289.493
589.546	289.489
589.57	289.486
589.604	289.48
589.637	289.474
589.662	289.468
589.697	289.459
589.731	289.449
589.756	289.441
589.79	289.43
589.816	289.422
589.852	289.41
589.888	289.398
589.915	289.389
589.951	289.375
589.986	289.361
590.013	289.35
590.049	289.335
590.086	289.32
590.113	289.308
590.148	289.291
590.174	289.279
590.209	289.262
590.244	289.245
590.271	289.232
590.309	289.215
590.349	289.198
590.379	289.185
590.42	289.168
590.462	289.15
590.494	289.137
590.537	289.12
590.569	289.107
590.612	289.089
590.655	289.071
590.687	289.057
590.731	289.038
590.774	289.02
590.808	289.006
590.852	288.987
590.897	288.967
590.931	288.953
590.975	288.933
591.009	288.918
591.053	288.898
591.098	288.879
591.131	288.863
591.175	288.843
591.219	288.822
591.253	288.807
591.3	288.786
591.348	288.765
591.384	288.749
591.433	288.729
591.47	288.713
591.518	288.692
591.567	288.671
591.604	288.655
591.653	288.633
591.702	288.612
591.739	288.596
591.788	288.575
591.838	288.553
591.876	288.537
591.925	288.515
591.963	288.499
592.013	288.478
592.063	288.456
592.1	288.44
592.152	288.418
592.203	288.396
592.243	288.38
592.295	288.359
592.348	288.338
592.387	288.321
592.439	288.297
592.477	288.279
592.527	288.255
592.578	288.231
592.616	288.212
592.668	288.189
592.721	288.165
592.76	288.147
592.812	288.123
592.863	288.098
592.901	288.08
592.95	288.054
592.987	288.035
593.035	288.009
593.082	287.983
593.117	287.964
593.162	287.936
593.206	287.909
593.24	287.888
593.284	287.861
593.329	287.833
593.362	287.813
593.407	287.786
593.442	287.766
593.489	287.739
593.538	287.713
593.576	287.694
593.627	287.67
593.679	287.645
593.718	287.626
593.769	287.601
593.82	287.575
593.858	287.556
593.908	287.529
593.945	287.51
593.994	287.484
594.043	287.458
594.08	287.439
594.131	287.413
594.182	287.387
594.22	287.367
594.27	287.34
594.318	287.313
594.354	287.292
594.401	287.265
594.435	287.244
594.482	287.216
594.529	287.189
594.564	287.169
594.611	287.143
594.658	287.116
594.694	287.097
594.741	287.071
594.788	287.046
594.823	287.027
594.871	287.002
594.906	286.983
594.954	286.959
595.001	286.934
595.036	286.915
595.083	286.891
595.13	286.866
595.165	286.847
595.212	286.823
595.258	286.799
595.292	286.78
595.338	286.756
595.372	286.737
595.417	286.712
595.462	286.687
595.496	286.669
595.541	286.645
595.586	286.62
595.619	286.602
595.663	286.577
595.707	286.552
595.74	286.534
595.784	286.51
595.816	286.492
595.859	286.468
595.902	286.445
595.935	286.427
595.978	286.402
596.021	286.378
596.054	286.36
596.098	286.336
596.142	286.312
596.175	286.294
596.218	286.271
596.251	286.253
596.296	286.229
596.341	286.204
596.375	286.186
596.421	286.161
596.467	286.137
596.502	286.118
596.548	286.093
596.594	286.068
596.629	286.049
596.676	286.024
596.712	286.005
596.76	285.978
596.808	285.952
596.845	285.932
596.894	285.905
596.943	285.878
596.98	285.858
597.029	285.831
597.078	285.805
597.114	285.785
597.162	285.758
597.199	285.738
597.249	285.711
597.299	285.684
597.337	285.664
597.387	285.636
597.437	285.608
597.475	285.587
597.525	285.559
597.575	285.531
597.612	285.51
597.662	285.482
597.699	285.462
597.749	285.434
597.799	285.407
597.836	285.388
597.886	285.361
597.936	285.335
597.973	285.315
598.023	285.288
598.072	285.262
598.109	285.242
598.157	285.216
598.193	285.196
598.241	285.168
598.288	285.141
598.323	285.119
598.369	285.091
598.414	285.062
598.448	285.041
598.492	285.011
598.536	284.982
598.567	284.958
598.609	284.926
598.639	284.901
598.677	284.866
598.715	284.83
598.742	284.803
598.777	284.768
598.81	284.732
598.834	284.705
598.864	284.669
598.892	284.631
598.913	284.603
598.938	284.564
598.957	284.534
598.98	284.494
599.001	284.453
599.016	284.422
599.034	284.381
599.049	284.339
599.06	284.308
599.072	284.266
599.083	284.224
599.09	284.192
599.099	284.149
599.105	284.117
599.112	284.073
599.12	284.03
599.125	283.997
599.131	283.953
599.137	283.909
599.141	283.875
599.146	283.83
599.151	283.785
599.155	283.75
599.16	283.704
599.164	283.668
599.168	283.621
599.172	283.573
599.175	283.537
599.18	283.489
599.184	283.442
599.188	283.406
599.194	283.357
599.2	283.309
599.205	283.273
599.211	283.224
599.216	283.188
599.222	283.139
599.229	283.09
599.234	283.053
599.24	283.003
599.246	282.954
599.251	282.917
599.257	282.868
599.263	282.818
599.268	282.782
599.274	282.733
599.278	282.696
599.284	282.648
599.291	282.599
599.296	282.562
599.303	282.513
599.309	282.464
599.314	282.427
599.321	282.379
599.328	282.33
599.333	282.295
599.34	282.247
599.345	282.212
599.352	282.164
599.359	282.117
599.363	282.081
599.37	282.033
599.377	281.985
599.382	281.949
599.389	281.901
599.396	281.853
599.402	281.817
599.409	281.77
599.415	281.734
599.424	281.686
599.433	281.639
599.441	281.604
599.451	281.557
599.463	281.51
599.473	281.475
599.486	281.43
599.502	281.385
599.514	281.351
599.531	281.307
599.545	281.274
599.565	281.231
599.585	281.189
599.602	281.157
599.624	281.116
599.648	281.075
599.667	281.045
599.692	281.005
599.719	280.966
599.74	280.937
599.77	280.9
599.793	280.873
599.826	280.837
599.86	280.803
599.886	280.779
599.92	280.746
599.954	280.714
599.98	280.691
600.015	280.659
600.05	280.629
600.077	280.607
600.113	280.578
600.14	280.557
600.176	280.529
600.212	280.501
600.239	280.48
600.275	280.453
600.311	280.426
600.338	280.407
600.374	280.381
600.41	280.355
600.437	280.336
600.473	280.31
600.5	280.291
600.535	280.266
600.57	280.241
600.596	280.222
600.63	280.196
600.664	280.171
600.689	280.152
600.721	280.126
600.752	280.1
600.774	280.08
600.804	280.054
600.824	280.034
600.851	280.007
600.876	279.979
600.894	279.959
600.917	279.93
600.939	279.902
600.954	279.881
600.974	279.852
600.992	279.823
601.004	279.801
601.018	279.771
601.027	279.748
601.039	279.718
601.049	279.687
601.055	279.664
601.063	279.634
601.068	279.603
601.071	279.58
601.074	279.55
601.075	279.52
601.075	279.498
601.073	279.468
601.071	279.446
601.067	279.417
601.061	279.388
601.055	279.366
601.046	279.337
601.035	279.308
601.025	279.287
601.012	279.259
600.997	279.231
600.985	279.21
600.969	279.181
600.955	279.16
600.936	279.132
600.916	279.103
600.9	279.082
600.879	279.055
600.858	279.027
600.841	279.006
600.819	278.978
600.795	278.949
600.776	278.928
600.751	278.898
600.733	278.876
600.708	278.847
600.683	278.818
600.664	278.797
600.639	278.767
600.614	278.738
600.594	278.716
600.567	278.686
600.539	278.656
600.518	278.632
600.489	278.602
600.468	278.578
600.44	278.548
600.412	278.517
600.391	278.495
600.363	278.465
600.335	278.435
600.314	278.412
600.286	278.382
600.258	278.351
600.236	278.328
600.207	278.296
600.186	278.272
600.156	278.24
600.127	278.207
600.104	278.182
600.073	278.149
600.043	278.115
600.019	278.089
599.988	278.054
599.957	278.019
599.933	277.991
599.901	277.953
599.876	277.925
599.843	277.887
599.81	277.848
599.785	277.819
599.751	277.78
599.717	277.741
599.692	277.712
599.658	277.672
599.625	277.632
599.599	277.602
599.564	277.561
599.538	277.531
599.503	277.489
599.467	277.448
599.441	277.416
599.404	277.374
599.368	277.331
599.34	277.299
599.303	277.256
599.266	277.213
599.238	277.18
599.2	277.137
599.172	277.104
599.134	277.06
599.096	277.016
599.066	276.982
599.026	276.937
598.986	276.892
598.956	276.859
598.916	276.814
598.876	276.769
598.846	276.735
598.806	276.691
598.775	276.657
598.734	276.612
598.694	276.567
598.664	276.533
598.625	276.489
598.586	276.444
598.555	276.411
598.514	276.366
598.472	276.321
598.44	276.287
598.399	276.241
598.367	276.207
598.326	276.16
598.284	276.114
598.254	276.079
598.214	276.033
598.175	275.987
598.144	275.953
598.103	275.907
598.062	275.861
598.031	275.826
597.99	275.78
597.96	275.745
597.918	275.699
597.877	275.653
597.846	275.619
597.806	275.573
597.765	275.527
597.735	275.493
597.694	275.448
597.654	275.403
597.623	275.369
597.584	275.323
597.554	275.289
597.514	275.244
597.474	275.199
597.444	275.165
597.404	275.12
597.365	275.075
597.335	275.042
597.295	274.997
597.255	274.952
597.225	274.919
597.186	274.874
597.157	274.842
597.117	274.798
597.078	274.754
597.048	274.722
597.009	274.677
596.969	274.633
596.94	274.6
596.901	274.556
596.862	274.512
596.832	274.48
596.793	274.436
596.763	274.404
596.724	274.361
596.685	274.318
596.657	274.286
596.618	274.244
596.579	274.201
596.55	274.169
596.51	274.127
596.471	274.085
596.441	274.053
596.403	274.011
596.374	273.979
596.336	273.937
596.298	273.895
596.27	273.864
596.232	273.822
596.195	273.78
596.167	273.749
596.129	273.708
596.09	273.666
596.061	273.635
596.023	273.593
595.994	273.562
595.956	273.52
595.919	273.478
595.891	273.447
595.853	273.406
595.815	273.365
595.786	273.335
595.747	273.295
595.707	273.255
595.678	273.225
595.64	273.185
595.613	273.155
595.577	273.114
595.543	273.074
595.517	273.043
595.482	273.003
595.446	272.963
595.419	272.933
595.381	272.893
595.344	272.853
595.315	272.823
595.277	272.783
595.248	272.753
595.21	272.713
595.173	272.673
595.145	272.643
595.109	272.602
595.072	272.562
595.044	272.532
595.007	272.492
594.97	272.453
594.942	272.423
594.906	272.383
594.878	272.353
594.841	272.313
594.804	272.273
594.776	272.243
594.739	272.204
594.702	272.165
594.675	272.136
594.638	272.097
594.602	272.058
594.574	272.028
594.538	271.989
594.511	271.959
594.476	271.919
594.441	271.879
594.415	271.85
594.38	271.812
594.344	271.773
594.318	271.744
594.284	271.705
594.25	271.666
594.224	271.638
594.189	271.6
594.163	271.571
594.127	271.533
594.092	271.495
594.066	271.467
594.031	271.429
593.997	271.391
593.971	271.363
593.937	271.325
593.903	271.287
593.878	271.26
593.844	271.223
593.819	271.195
593.785	271.158
593.752	271.121
593.727	271.093
593.695	271.056
593.663	271.019
593.64	270.992
593.609	270.956
593.578	270.921
593.554	270.894
593.523	270.858
593.499	270.83
593.466	270.793
593.433	270.756
593.408	270.729
593.374	270.693
593.34	270.657
593.317	270.63
593.286	270.595
593.256	270.561
593.233	270.535
593.202	270.501
593.179	270.476
593.15	270.44
593.121	270.404
593.099	270.377
593.069	270.342
593.039	270.306
593.016	270.28
592.984	270.245
592.952	270.211
592.928	270.186
592.895	270.151
592.871	270.126
592.839	270.092
592.808	270.057
592.785	270.032
592.755	269.997
592.724	269.963
592.702	269.937
592.672	269.903
592.642	269.868
592.618	269.842
592.587	269.806
592.563	269.78
592.531	269.744
592.499	269.708
592.476	269.681
592.446	269.646
592.416	269.611
592.394	269.586
592.365	269.551
592.335	269.516
592.312	269.489
592.281	269.454
592.257	269.428
592.225	269.394
592.192	269.36
592.168	269.334
592.136	269.3
592.104	269.265
592.081	269.24
592.051	269.207
592.021	269.174
591.999	269.149
591.969	269.114
591.947	269.089
591.917	269.055
591.888	269.023
591.866	268.998
591.836	268.966
591.807	268.935
591.786	268.911
591.758	268.881
591.731	268.851
591.71	268.829
591.683	268.799
591.663	268.776
591.636	268.746
591.611	268.716
591.592	268.694
591.568	268.665
591.544	268.637
591.526	268.615
591.503	268.587
591.479	268.559
591.462	268.538
591.439	268.509
591.423	268.487
591.401	268.459
591.381	268.43
591.367	268.409
591.348	268.38
591.331	268.351
591.319	268.33
591.304	268.301
591.289	268.272
591.279	268.25
591.267	268.222
591.258	268.2
591.247	268.171
591.238	268.141
591.232	268.118
591.225	268.087
591.22	268.056
591.217	268.032
591.215	267.999
591.214	267.967
591.215	267.942
591.218	267.909
591.221	267.884
591.228	267.851
591.236	267.818
591.243	267.793
591.253	267.761
591.266	267.729
591.276	267.705
591.292	267.673
591.31	267.641
591.324	267.617
591.345	267.586
591.362	267.563
591.386	267.532
591.411	267.501
591.431	267.479
591.459	267.449
591.488	267.419
591.51	267.397
591.54	267.368
591.571	267.339
591.595	267.317
591.627	267.289
591.652	267.267
591.685	267.239
591.72	267.211
591.746	267.19
591.782	267.162
591.818	267.134
591.846	267.113
591.884	267.085
591.921	267.057
591.95	267.035
591.988	267.007
592.017	266.985
592.055	266.957
592.094	266.93
592.123	266.909
592.162	266.881
592.201	266.854
592.231	266.833
592.27	266.806
592.31	266.779
592.34	266.758
592.38	266.732
592.409	266.712
592.446	266.686
592.482	266.66
592.509	266.641
592.546	266.615
592.584	266.59
592.613	266.571
592.651	266.547
592.69	266.523
592.718	266.505
592.756	266.481
592.785	266.464
592.823	266.44
592.862	266.417
592.891	266.4
592.928	266.376
592.966	266.353
592.994	266.335
593.032	266.311
593.071	266.287
593.1	266.269
593.139	266.246
593.169	266.228
593.21	266.204
593.252	266.179
593.283	266.161
593.323	266.136
593.364	266.111
593.393	266.093
593.433	266.068
593.472	266.044
593.502	266.025
593.541	265.999
593.57	265.979
593.609	265.952
593.647	265.924
593.675	265.903
593.712	265.874
593.748	265.846
593.775	265.824
593.811	265.794
593.846	265.763
593.872	265.74
593.906	265.708
593.932	265.684
593.965	265.651
593.998	265.618
594.022	265.593
594.053	265.559
594.083	265.524
594.104	265.498
594.132	265.463
594.159	265.428
594.179	265.401
594.204	265.366
594.223	265.338
594.247	265.302
594.27	265.265
594.286	265.238
594.307	265.2
594.326	265.163
594.34	265.135
594.358	265.097
594.375	265.059
594.386	265.031
594.401	264.992
594.41	264.963
594.422	264.923
594.432	264.884
594.439	264.855
594.447	264.815
594.453	264.776
594.457	264.747
594.462	264.707
594.465	264.667
594.466	264.637
594.467	264.598
594.467	264.568
594.466	264.528
594.462	264.488
594.458	264.458
594.451	264.418
594.443	264.379
594.436	264.349
594.426	264.309
594.415	264.269
594.405	264.239
594.392	264.199
594.38	264.169
594.365	264.129
594.348	264.089
594.335	264.06
594.317	264.021
594.298	263.982
594.284	263.953
594.264	263.915
594.243	263.876
594.227	263.847
594.204	263.808
594.186	263.778
594.162	263.739
594.137	263.7
594.117	263.671
594.092	263.633
594.066	263.594
594.046	263.566
594.019	263.528
593.991	263.49
593.97	263.461
593.941	263.422
593.919	263.393
593.889	263.355
593.859	263.316
593.836	263.287
593.805	263.249
593.773	263.21
593.75	263.182
593.717	263.143
593.684	263.104
593.66	263.075
593.626	263.036
593.601	263.007
593.567	262.968
593.532	262.929
593.507	262.9
593.473	262.861
593.439	262.823
593.414	262.794
593.38	262.755
593.346	262.716
593.32	262.688
593.286	262.65
593.261	262.621
593.227	262.583
593.193	262.545
593.167	262.517
593.135	262.479
593.102	262.441
593.078	262.412
593.045	262.375
593.013	262.337
592.988	262.309
592.956	262.272
592.931	262.244
592.899	262.207
592.867	262.17
592.843	262.142
592.81	262.106
592.777	262.069
592.752	262.042
592.719	262.005
592.685	261.969
592.661	261.942
592.628	261.906
592.603	261.879
592.57	261.844
592.537	261.809
592.513	261.782
592.481	261.747
592.448	261.712
592.424	261.685
592.391	261.65
592.359	261.615
592.335	261.589
592.303	261.554
592.279	261.528
592.247	261.493
592.215	261.458
592.191	261.433
592.158	261.398
592.126	261.364
592.102	261.338
592.071	261.303
592.039	261.269
592.015	261.243
591.982	261.208
591.958	261.182
591.925	261.146
591.891	261.109
591.866	261.081
591.833	261.044
591.799	261.007
591.774	260.979
591.741	260.943
591.708	260.907
591.683	260.88
591.65	260.843
591.625	260.815
591.592	260.778
591.558	260.74
591.532	260.711
591.497	260.673
591.463	260.634
591.437	260.605
591.402	260.566
591.367	260.527
591.34	260.498
591.305	260.458
591.278	260.429
591.242	260.39
591.207	260.351
591.179	260.321
591.143	260.281
591.106	260.242
591.078	260.212
591.041	260.171
591.004	260.131
590.976	260.1
590.939	260.06
590.911	260.029
590.873	259.988
590.836	259.947
590.807	259.917
590.77	259.876
590.732	259.835
590.703	259.804
590.666	259.763
590.628	259.722
590.599	259.691
590.562	259.649
590.533	259.618
590.495	259.576
590.458	259.535
590.429	259.504
590.391	259.463
590.353	259.422
590.324	259.392
590.287	259.352
590.249	259.312
590.22	259.282
590.181	259.241
590.152	259.211
590.114	259.171
590.076	259.13
590.047	259.101
590.01	259.061
589.972	259.022
589.944	258.992
589.907	258.952
589.87	258.912
589.842	258.882
589.805	258.843
589.776	258.813
589.739	258.773
589.7	258.734
589.672	258.704
589.633	258.663
589.595	258.623
589.566	258.593
589.527	258.552
589.488	258.511
589.459	258.48
589.42	258.439
589.39	258.408
589.352	258.366
589.313	258.325
589.284	258.294
589.245	258.253
589.207	258.211
589.177	258.181
589.138	258.14
589.099	258.099
589.07	258.068
589.03	258.027
589.001	257.996
588.962	257.955
588.924	257.914
588.895	257.883
588.857	257.841
588.818	257.8
588.79	257.769
588.751	257.728
588.713	257.686
588.684	257.654
588.646	257.612
588.617	257.58
588.579	257.538
588.542	257.495
588.514	257.463
588.476	257.421
588.439	257.379
588.411	257.348
588.373	257.306
588.334	257.265
588.305	257.235
588.266	257.194
588.236	257.164
588.197	257.123
588.158	257.083
588.129	257.053
588.089	257.013
588.049	256.974
588.02	256.944
587.981	256.904
587.942	256.864
587.914	256.833
587.876	256.793
587.847	256.762
587.81	256.721
587.772	256.68
587.744	256.65
587.707	256.61
587.669	256.569
587.641	256.539
587.605	256.499
587.568	256.459
587.541	256.429
587.504	256.389
587.477	256.36
587.44	256.321
587.404	256.282
587.377	256.252
587.341	256.213
587.305	256.174
587.279	256.144
587.245	256.105
587.21	256.065
587.185	256.035
587.151	255.994
587.126	255.965
587.093	255.925
587.06	255.886
587.035	255.857
587.003	255.818
586.971	255.779
586.948	255.751
586.917	255.712
586.887	255.673
586.864	255.644
586.835	255.604
586.813	255.575
586.784	255.536
586.756	255.497
586.735	255.468
586.708	255.428
586.682	255.389
586.662	255.36
586.637	255.321
586.612	255.282
586.593	255.252
586.568	255.213
586.55	255.183
586.527	255.144
586.503	255.105
586.486	255.076
586.464	255.037
586.441	254.998
586.425	254.969
586.403	254.93
586.381	254.89
586.365	254.86
586.343	254.82
586.327	254.79
586.306	254.75
586.285	254.71
586.268	254.68
586.247	254.641
586.225	254.601
586.209	254.571
586.188	254.532
586.167	254.492
586.151	254.463
586.129	254.424
586.113	254.395
586.091	254.356
586.068	254.318
586.051	254.289
586.028	254.251
586.005	254.213
585.987	254.185
585.963	254.148
585.939	254.112
585.921	254.085
585.896	254.05
585.878	254.024
585.854	253.99
585.829	253.956
585.81	253.931
585.785	253.898
585.76	253.865
585.741	253.84
585.716	253.807
585.691	253.774
585.672	253.75
585.646	253.719
585.627	253.696
585.602	253.666
585.577	253.636
585.557	253.613
585.532	253.582
585.506	253.551
585.486	253.527
585.46	253.496
585.433	253.466
585.414	253.443
585.389	253.413
585.37	253.391
585.346	253.361
585.322	253.332
585.305	253.31
585.28	253.28
585.256	253.25
585.237	253.228
585.211	253.197
585.185	253.167
585.166	253.144
585.14	253.114
585.121	253.091
585.095	253.061
585.069	253.03
585.049	253.007
585.023	252.976
584.997	252.945
584.977	252.921
584.951	252.89
584.924	252.858
584.904	252.834
584.877	252.802
584.857	252.778
584.829	252.746
584.802	252.714
584.781	252.69
584.753	252.657
584.726	252.625
584.704	252.601
584.676	252.568
584.647	252.535
584.626	252.51
584.597	252.477
584.576	252.452
584.547	252.418
584.517	252.385
584.495	252.36
584.465	252.326
584.436	252.292
584.413	252.267
584.384	252.233
584.354	252.199
584.331	252.173
584.301	252.139
584.279	252.113
584.249	252.079
584.219	252.045
584.196	252.019
584.165	251.984
584.135	251.95
584.112	251.924
584.081	251.889
584.05	251.855
584.027	251.829
583.997	251.794
583.974	251.768
583.943	251.733
583.912	251.698
583.889	251.671
583.859	251.636
583.829	251.601
583.806	251.575
583.775	251.54
583.745	251.506
583.723	251.479
583.692	251.444
583.67	251.418
583.639	251.383
583.608	251.349
583.585	251.323
583.554	251.289
583.523	251.254
583.5	251.229
583.47	251.194
583.44	251.16
583.418	251.135
583.388	251.101
583.366	251.075
583.336	251.041
583.306	251.008
583.283	250.983
583.253	250.949
583.223	250.915
583.2	250.89
583.17	250.857
583.139	250.823
583.117	250.798
583.088	250.765
583.066	250.74
583.036	250.707
583.006	250.674
582.984	250.649
582.954	250.616
582.925	250.583
582.902	250.559
582.871	250.527
582.839	250.495
582.816	250.471
582.785	250.438
582.761	250.414
582.731	250.382
582.7	250.35
582.676	250.327
582.644	250.297
582.61	250.267
582.585	250.244
582.551	250.215
582.517	250.185
582.492	250.162
582.457	250.132
582.432	250.11
582.398	250.08
582.363	250.05
582.337	250.028
582.303	249.998
582.269	249.968
582.243	249.945
582.209	249.915
582.175	249.885
582.149	249.862
582.114	249.832
582.088	249.809
582.052	249.778
582.017	249.747
581.99	249.723
581.955	249.691
581.919	249.659
581.893	249.635
581.858	249.602
581.823	249.569
581.797	249.543
581.761	249.509
581.735	249.484
581.699	249.45
581.664	249.416
581.637	249.39
581.601	249.355
581.565	249.319
581.538	249.293
581.502	249.256
581.466	249.22
581.439	249.192
581.404	249.155
581.377	249.127
581.342	249.089
581.307	249.052
581.28	249.023
581.245	248.985
581.21	248.947
581.184	248.918
581.149	248.88
581.113	248.842
581.087	248.813
581.051	248.775
581.025	248.746
580.99	248.707
580.955	248.668
580.928	248.64
580.893	248.601
580.858	248.563
580.831	248.534
580.796	248.495
580.761	248.457
580.735	248.428
580.699	248.389
580.673	248.36
580.638	248.322
580.603	248.283
580.576	248.254
580.54	248.216
580.505	248.177
580.478	248.149
580.443	248.11
580.407	248.071
580.381	248.042
580.345	248.003
580.319	247.974
580.283	247.936
580.248	247.897
580.221	247.868
580.185	247.83
580.15	247.792
580.123	247.763
580.087	247.724
580.051	247.686
580.024	247.657
579.989	247.619
579.962	247.59
579.927	247.552
579.892	247.513
579.865	247.485
579.829	247.447
579.794	247.409
579.767	247.38
579.731	247.342
579.695	247.304
579.669	247.276
579.634	247.238
579.608	247.21
579.574	247.172
579.539	247.135
579.513	247.107
579.479	247.071
579.444	247.034
579.418	247.007
579.384	246.97
579.35	246.934
579.324	246.907
579.291	246.871
579.265	246.844
579.231	246.808
579.198	246.773
579.173	246.746
579.14	246.711
579.107	246.676
579.083	246.65
579.05	246.615
579.018	246.58
578.994	246.554
578.961	246.52
578.937	246.494
578.905	246.46
578.874	246.427
578.85	246.401
578.819	246.368
578.787	246.334
578.764	246.308
578.733	246.275
578.703	246.241
578.68	246.217
578.65	246.184
578.627	246.159
578.597	246.127
578.566	246.094
578.544	246.07
578.515	246.039
578.486	246.007
578.464	245.984
578.436	245.954
578.407	245.924
578.387	245.902
578.359	245.873
578.339	245.851
578.312	245.823
578.286	245.794
578.266	245.774
578.24	245.746
578.215	245.719
578.196	245.699
578.172	245.673
578.149	245.647
578.131	245.628
578.109	245.602
578.092	245.584
578.07	245.56
578.048	245.536
578.032	245.519
578.01	245.496
577.988	245.474
577.972	245.458
577.949	245.436
577.928	245.415
577.911	245.4
577.89	245.38
577.873	245.366
577.851	245.346
577.827	245.328
577.81	245.314
577.785	245.297
577.761	245.28
577.743	245.268
577.718	245.253
577.693	245.239
577.674	245.229
577.648	245.216
577.629	245.207
577.603	245.196
577.576	245.187
577.556	245.18
577.528	245.172
577.501	245.166
577.48	245.162
577.453	245.157
577.425	245.154
577.404	245.153
577.376	245.152
577.355	245.152
577.327	245.153
577.298	245.156
577.276	245.158
577.247	245.162
577.217	245.167
577.194	245.171
577.163	245.177
577.131	245.184
577.108	245.19
577.077	245.199
577.054	245.206
577.023	245.216
576.992	245.226
576.969	245.234
576.938	245.246
576.907	245.258
576.883	245.268
576.852	245.281
576.82	245.295
576.797	245.306
576.766	245.321
576.744	245.333
576.714	245.35
576.684	245.367
576.66	245.379
576.628	245.397
576.595	245.414
576.57	245.427
576.536	245.445
576.502	245.463
576.476	245.477
576.442	245.496
576.417	245.51
576.383	245.53
576.348	245.549
576.322	245.565
576.287	245.585
576.252	245.606
576.225	245.622
576.189	245.643
576.153	245.664
576.125	245.68
576.089	245.702
576.061	245.718
576.024	245.74
575.987	245.762
575.958	245.778
575.921	245.801
575.883	245.823
575.855	245.839
575.818	245.862
575.78	245.884
575.752	245.901
575.714	245.923
575.686	245.94
575.649	245.962
575.612	245.984
575.584	246
575.547	246.022
575.51	246.044
575.482	246.061
575.446	246.082
575.41	246.104
575.382	246.121
575.346	246.143
575.318	246.159
575.281	246.181
575.243	246.203
575.215	246.22
575.177	246.243
575.139	246.266
575.111	246.283
575.073	246.306
575.035	246.329
575.006	246.345
574.968	246.368
574.939	246.384
574.901	246.406
574.863	246.429
574.835	246.446
574.798	246.468
574.761	246.491
574.734	246.508
574.697	246.529
574.661	246.551
574.633	246.567
574.596	246.588
574.569	246.603
574.535	246.623
574.5	246.643
574.474	246.659
574.438	246.68
574.401	246.702
574.374	246.719
574.337	246.74
574.3	246.762
574.273	246.778
574.237	246.8
574.211	246.815
574.177	246.835
574.142	246.856
574.117	246.871
574.082	246.892
574.049	246.914
574.026	246.931
573.995	246.953
573.963	246.975
573.937	246.991
573.899	247.011
573.87	247.026
573.832	247.045
573.795	247.064
573.767	247.078
573.73	247.097
573.693	247.115
573.666	247.129
573.63	247.148
573.594	247.166
573.567	247.179
573.53	247.197
573.503	247.21
573.467	247.227
573.43	247.243
573.404	247.256
573.368	247.272
573.332	247.289
573.306	247.301
573.269	247.316
573.232	247.33
573.203	247.34
573.164	247.352
573.135	247.36
573.096	247.37
573.057	247.38
573.027	247.386
572.987	247.394
572.948	247.401
572.918	247.405
572.879	247.411
572.839	247.415
572.809	247.418
572.768	247.421
572.738	247.422
572.698	247.424
572.658	247.425
572.628	247.425
572.588	247.425
572.548	247.426
572.518	247.426
572.479	247.426
572.439	247.426
572.41	247.427
572.371	247.428
572.342	247.429
572.305	247.432
572.269	247.435
572.241	247.439
572.205	247.443
572.168	247.449
572.141	247.454
572.105	247.461
572.07	247.47
572.044	247.477
572.011	247.487
571.986	247.495
571.954	247.507
571.923	247.519
571.9	247.529
571.87	247.542
571.841	247.555
571.818	247.565
571.789	247.578
571.76	247.592
571.738	247.603
571.71	247.617
571.689	247.628
571.661	247.643
571.634	247.658
571.614	247.669
571.587	247.683
571.561	247.698
571.541	247.709
571.516	247.724
571.49	247.739
571.471	247.75
571.445	247.764
571.427	247.775
571.402	247.788
571.378	247.802
571.361	247.812
571.338	247.824
571.315	247.837
571.299	247.845
571.279	247.857
571.259	247.868
571.244	247.876
571.226	247.886
571.213	247.893
571.196	247.903
571.18	247.912
571.168	247.919
571.153	247.927
571.138	247.936
571.128	247.941
571.115	247.949
571.103	247.956
571.094	247.961
571.083	247.967
571.075	247.972
571.065	247.978
571.055	247.984
571.048	247.988
571.04	247.992
571.031	247.997
571.026	248
571.018	248.003
571.012	248.007
571.007	248.009
571.002	248.012
570.998	248.015
570.994	248.017
570.99	248.02
570.988	248.021
570.985	248.022
570.983	248.023