571.255	247.828
571.252	247.83
571.247	247.832
571.241	247.835
571.236	247.838
571.229	247.842
571.222	247.846
571.215	247.85
571.205	247.856
571.197	247.861
571.188	247.865
571.18	247.868
571.172	247.872
571.169	247.874
571.164	247.877
571.162	247.878
571.162	247.878
571.162	247.878
571.162	247.878
571.163	247.877
571.163	247.877
571.164	247.877
571.164	247.877
571.164	247.877
571.164	247.876
571.164	247.876
571.107	247.907
570.831	248.061
570.464	248.267
570.145	248.45
570.016	248.527
569.988	248.544
569.964	248.56
569.938	248.577
569.904	248.597
569.877	248.613
569.846	248.632
569.816	248.649
569.788	248.667
569.758	248.685
569.731	248.701
569.696	248.721
569.668	248.737
569.642	248.754
569.614	248.771
569.578	248.792
569.548	248.81
569.514	248.83
569.481	248.851
569.448	248.872
569.412	248.893
569.38	248.913
569.338	248.939
569.304	248.96
569.27	248.981
569.233	249.003
569.187	249.031
569.149	249.054
569.105	249.08
569.062	249.106
569.017	249.134
568.969	249.163
568.927	249.189
568.871	249.224
568.826	249.252
568.784	249.278
568.738	249.307
568.681	249.343
568.635	249.371
568.582	249.404
568.529	249.435
568.473	249.468
568.417	249.504
568.368	249.535
568.305	249.576
568.253	249.609
568.204	249.638
568.151	249.67
568.084	249.71
568.032	249.741
567.972	249.777
567.915	249.812
567.856	249.846
567.794	249.882
567.741	249.914
567.672	249.954
567.616	249.986
567.564	250.015
567.508	250.048
567.438	250.088
567.384	250.118
567.32	250.154
567.261	250.189
567.199	250.227
567.132	250.266
567.08	250.296
567.013	250.333
566.958	250.364
566.909	250.393
566.857	250.423
566.793	250.461
566.745	250.49
566.689	250.523
566.639	250.554
566.593	250.586
566.543	250.62
566.504	250.648
566.456	250.681
566.417	250.709
566.386	250.738
566.353	250.771
566.313	250.813
566.286	250.848
566.257	250.889
566.235	250.929
566.222	250.97
566.207	251.014
566.194	251.054
566.18	251.105
566.171	251.147
566.17	251.188
566.17	251.233
566.172	251.289
566.182	251.335
566.196	251.389
566.212	251.441
566.234	251.494
566.256	251.548
566.28	251.596
566.313	251.658
566.34	251.708
566.369	251.755
566.401	251.805
566.441	251.867
566.475	251.916
566.514	251.972
566.553	252.026
566.595	252.081
566.638	252.138
566.677	252.187
566.727	252.251
566.767	252.302
566.807	252.35
566.85	252.402
566.903	252.467
566.945	252.517
566.993	252.576
567.039	252.632
567.086	252.69
567.136	252.751
567.18	252.803
567.237	252.872
567.282	252.927
567.325	252.979
567.371	253.034
567.428	253.103
567.472	253.157
567.523	253.222
567.571	253.283
567.618	253.344
567.667	253.409
567.713	253.463
567.773	253.533
567.821	253.589
567.866	253.642
567.918	253.7
567.98	253.772
568.022	253.828
568.075	253.893
568.126	253.954
568.176	254.016
568.227	254.081
568.274	254.137
568.335	254.209
568.384	254.267
568.428	254.319
568.474	254.375
568.531	254.445
568.576	254.497
568.627	254.558
568.677	254.616
568.728	254.676
568.781	254.739
568.822	254.792
568.873	254.858
568.916	254.911
568.96	254.961
569.009	255.015
569.069	255.082
569.113	255.135
569.165	255.197
569.215	255.255
569.265	255.315
569.318	255.378
569.365	255.431
569.425	255.499
569.474	255.555
569.52	255.607
569.569	255.663
569.63	255.733
569.678	255.789
569.734	255.854
569.786	255.915
569.839	255.975
569.893	256.039
569.941	256.093
570.002	256.163
570.051	256.219
570.094	256.27
570.14	256.325
570.197	256.392
570.241	256.444
570.291	256.504
570.338	256.561
570.386	256.615
570.435	256.672
570.476	256.722
570.529	256.788
570.572	256.841
570.611	256.891
570.655	256.945
570.707	257.011
570.741	257.06
570.781	257.119
570.82	257.171
570.856	257.219
570.895	257.272
570.926	257.317
570.963	257.375
570.993	257.422
571.022	257.466
571.051	257.513
571.086	257.573
571.114	257.622
571.148	257.679
571.177	257.737
571.206	257.8
571.24	257.866
571.268	257.926
571.302	258.007
571.327	258.072
571.346	258.133
571.368	258.201
571.396	258.285
571.414	258.351
571.436	258.429
571.456	258.503
571.474	258.577
571.493	258.655
571.509	258.724
571.529	258.815
571.546	258.888
571.563	258.957
571.581	259.032
571.606	259.125
571.627	259.2
571.651	259.287
571.675	259.37
571.701	259.455
571.727	259.545
571.751	259.623
571.781	259.724
571.806	259.806
571.831	259.883
571.858	259.966
571.891	260.069
571.918	260.148
571.949	260.241
571.978	260.328
572.006	260.411
572.036	260.499
572.072	260.581
572.121	260.688
572.156	260.771
572.182	260.845
572.205	260.924
572.241	261.025
572.281	261.108
572.321	261.203
572.35	261.29
572.377	261.376
572.415	261.47
572.449	261.55
572.493	261.654
572.527	261.737
572.557	261.814
572.59	261.897
572.63	262
572.658	262.08
572.692	262.173
572.721	262.26
572.746	262.345
572.774	262.435
572.794	262.509
572.817	262.602
572.836	262.678
572.852	262.746
572.867	262.818
572.883	262.908
572.894	262.979
572.908	263.062
572.92	263.141
572.929	263.221
572.939	263.306
572.95	263.379
572.955	263.471
572.958	263.544
572.965	263.615
572.971	263.691
572.977	263.787
572.984	263.865
572.992	263.955
572.999	264.04
573.008	264.125
573.016	264.216
573.018	264.295
573.021	264.397
573.026	264.478
573.033	264.554
573.039	264.636
573.047	264.739
573.057	264.82
573.068	264.914
573.077	265.004
573.084	265.094
573.09	265.188
573.095	265.27
573.102	265.376
573.108	265.462
573.115	265.541
573.122	265.626
573.131	265.733
573.138	265.817
573.145	265.914
573.148	266.005
573.147	266.096
573.149	266.193
573.158	266.278
573.169	266.389
573.173	266.478
573.176	266.559
573.182	266.644
573.19	266.753
573.194	266.841
573.199	266.941
573.202	267.036
573.205	267.135
573.209	267.239
573.208	267.321
573.209	267.429
573.215	267.521
573.227	267.607
573.234	267.697
573.243	267.808
573.253	267.894
573.258	267.991
573.259	268.082
573.262	268.17
573.27	268.263
573.284	268.342
573.306	268.444
573.32	268.526
573.325	268.6
573.333	268.679
573.35	268.776
573.37	268.847
573.391	268.931
573.408	269.008
573.437	269.084
573.475	269.166
573.507	269.234
573.55	269.319
573.586	269.388
573.621	269.451
573.658	269.52
573.705	269.605
573.746	269.67
573.795	269.747
573.841	269.819
573.885	269.889
573.934	269.965
573.984	270.03
574.059	270.118
574.112	270.188
574.143	270.249
574.183	270.317
574.25	270.404
574.317	270.471
574.389	270.546
574.455	270.613
574.524	270.682
574.597	270.76
574.652	270.832
574.718	270.924
574.775	270.997
574.836	271.065
574.9	271.138
574.982	271.229
575.054	271.304
575.134	271.394
575.204	271.476
575.273	271.556
575.35	271.642
575.414	271.709
575.495	271.791
575.562	271.86
575.626	271.924
575.694	271.991
575.777	272.076
575.835	272.15
575.9	272.233
575.967	272.309
576.047	272.382
576.131	272.46
576.188	272.523
576.258	272.605
576.319	272.672
576.375	272.733
576.434	272.798
576.503	272.876
576.547	272.932
576.6	272.998
576.653	273.061
576.707	273.121
576.762	273.185
576.806	273.235
576.866	273.295
576.914	273.344
576.95	273.39
576.989	273.44
577.041	273.502
577.08	273.547
577.123	273.597
577.164	273.637
577.204	273.67
577.246	273.71
577.275	273.748
577.313	273.794
577.342	273.831
577.359	273.864
577.383	273.895
577.419	273.934
577.446	273.963
577.475	273.992
577.497	274.023
577.517	274.058
577.543	274.095
577.562	274.126
577.584	274.155
577.602	274.176
577.62	274.199
577.645	274.227
577.675	274.259
577.695	274.282
577.721	274.31
577.742	274.336
577.762	274.362
577.789	274.392
577.817	274.419
577.851	274.457
577.871	274.491
577.878	274.529
577.896	274.565
577.915	274.608
577.913	274.647
577.919	274.695
577.923	274.754
577.915	274.816
577.902	274.871
577.886	274.92
577.861	274.983
577.839	275.03
577.811	275.071
577.779	275.12
577.738	275.185
577.699	275.237
577.654	275.296
577.607	275.35
577.553	275.4
577.498	275.454
577.445	275.499
577.371	275.556
577.311	275.602
577.251	275.641
577.185	275.685
577.103	275.74
577.036	275.78
576.958	275.827
576.881	275.872
576.798	275.917
576.711	275.964
576.635	276.003
576.537	276.053
576.458	276.093
576.382	276.13
576.3	276.169
576.198	276.216
576.116	276.253
576.02	276.297
575.928	276.341
575.833	276.383
575.736	276.426
575.66	276.468
575.548	276.523
575.453	276.565
575.371	276.603
575.278	276.641
575.156	276.69
575.06	276.733
574.955	276.781
574.853	276.825
574.748	276.87
574.64	276.917
574.552	276.956
574.438	277.005
574.344	277.046
574.256	277.085
574.161	277.126
574.044	277.176
573.958	277.211
573.857	277.253
573.764	277.291
573.676	277.327
573.583	277.366
573.506	277.393
573.408	277.426
573.334	277.454
573.28	277.48
573.222	277.507
573.147	277.54
573.093	277.564
573.029	277.592
572.968	277.612
572.908	277.627
572.849	277.645
572.803	277.663
572.746	277.687
572.697	277.705
572.651	277.722
572.602	277.741
572.542	277.765
572.493	277.784
572.436	277.807
572.38	277.829
572.324	277.851
572.264	277.876
572.211	277.899
572.137	277.929
572.077	277.954
572.018	277.979
571.954	278.007
571.873	278.041
571.805	278.07
571.728	278.103
571.654	278.135
571.578	278.169
571.498	278.203
571.426	278.234
571.332	278.275
571.255	278.308
571.182	278.337
571.102	278.37
571.003	278.411
570.922	278.444
570.829	278.483
570.738	278.519
570.645	278.556
570.547	278.595
570.462	278.629
570.351	278.673
570.262	278.709
570.177	278.743
570.085	278.779
569.971	278.824
569.882	278.86
569.777	278.902
569.678	278.941
569.577	278.982
569.47	279.025
569.378	279.062
569.258	279.11
569.161	279.149
569.071	279.185
568.973	279.225
568.85	279.275
568.755	279.313
568.642	279.358
568.535	279.401
568.428	279.445
568.315	279.49
568.218	279.53
568.091	279.581
567.989	279.622
567.896	279.66
567.795	279.701
567.669	279.752
567.572	279.792
567.458	279.839
567.35	279.882
567.242	279.926
567.129	279.972
567.031	280.011
566.905	280.061
566.804	280.101
566.71	280.139
566.608	280.18
566.482	280.23
566.384	280.27
566.271	280.316
566.163	280.36
566.055	280.404
565.94	280.451
565.844	280.492
565.72	280.544
565.619	280.586
565.526	280.626
565.425	280.669
565.3	280.722
565.203	280.762
565.09	280.809
564.982	280.853
564.874	280.898
564.761	280.946
564.664	280.987
564.538	281.039
564.437	281.081
564.345	281.119
564.246	281.16
564.13	281.206
564.047	281.242
563.942	281.292
563.834	281.337
563.728	281.381
563.623	281.429
563.526	281.467
563.401	281.515
563.304	281.555
563.218	281.59
563.128	281.629
563.015	281.676
562.928	281.709
562.829	281.748
562.737	281.784
562.649	281.818
562.557	281.855
562.481	281.884
562.382	281.918
562.303	281.946
562.239	281.973
562.171	281.998
562.087	282.032
562.025	282.063
561.949	282.094
561.878	282.125
561.807	282.158
561.731	282.19
561.67	282.21
561.599	282.234
561.539	282.259
561.473	282.289
561.407	282.321
561.329	282.358
561.262	282.382
561.18	282.404
561.099	282.431
561.018	282.468
560.935	282.504
560.861	282.535
560.765	282.578
560.687	282.613
560.61	282.643
560.523	282.673
560.419	282.712
560.349	282.749
560.269	282.795
560.182	282.837
560.079	282.875
559.975	282.914
559.886	282.948
559.77	282.985
559.675	283.017
559.586	283.059
559.491	283.104
559.374	283.157
559.282	283.201
559.177	283.253
559.082	283.296
558.987	283.337
558.884	283.386
558.793	283.43
558.67	283.485
558.569	283.527
558.476	283.564
558.378	283.61
558.26	283.67
558.17	283.717
558.063	283.771
557.963	283.818
557.865	283.866
557.762	283.921
557.668	283.968
557.549	284.031
557.458	284.081
557.378	284.126
557.288	284.177
557.174	284.244
557.087	284.305
556.984	284.374
556.877	284.436
556.768	284.498
556.66	284.568
556.572	284.623
556.453	284.691
556.357	284.749
556.273	284.81
556.183	284.876
556.07	284.951
555.986	285.009
555.89	285.082
555.797	285.15
555.696	285.214
555.591	285.285
555.513	285.344
555.428	285.416
555.353	285.475
555.266	285.532
555.17	285.591
555.06	285.668
554.979	285.735
554.882	285.807
554.791	285.874
554.704	285.941
554.613	286.014
554.534	286.077
554.438	286.161
554.36	286.226
554.266	286.263
554.149	286.281
554.034	286.341
553.989	286.448
553.912	286.54
553.831	286.616
553.749	286.688
553.664	286.763
553.591	286.824
553.501	286.898
553.425	286.959
553.344	287.015
553.26	287.077
553.162	287.151
553.088	287.205
553.001	287.274
552.919	287.342
552.837	287.412
552.751	287.485
552.677	287.547
552.582	287.628
552.505	287.693
552.432	287.754
552.354	287.819
552.257	287.899
552.182	287.961
552.094	288.034
552.012	288.101
551.934	288.171
551.852	288.247
551.781	288.314
551.695	288.395
551.621	288.456
551.538	288.51
551.457	288.571
551.367	288.654
551.303	288.725
551.228	288.805
551.145	288.871
551.056	288.934
550.969	289.007
550.897	289.067
550.801	289.148
550.724	289.212
550.653	289.264
550.573	289.324
550.473	289.403
550.394	289.466
550.3	289.54
550.216	289.608
550.133	289.676
550.04	289.749
549.965	289.809
549.871	289.888
549.794	289.952
549.72	290.012
549.64	290.078
549.547	290.158
549.481	290.217
549.398	290.286
549.305	290.352
549.199	290.411
549.097	290.471
549.033	290.544
548.948	290.64
548.869	290.709
548.793	290.774
548.711	290.842
548.609	290.927
548.526	290.994
548.43	291.071
548.343	291.143
548.267	291.217
548.186	291.295
548.108	291.357
548.003	291.442
547.92	291.509
547.84	291.561
547.753	291.627
547.644	291.715
547.565	291.78
547.48	291.853
547.397	291.928
547.306	292.005
547.211	292.084
547.135	292.154
547.037	292.247
546.957	292.319
546.888	292.375
546.816	292.432
546.726	292.504
546.655	292.566
546.566	292.645
546.467	292.719
546.36	292.793
546.259	292.872
546.184	292.938
546.085	293.023
546.003	293.091
545.935	293.155
545.86	293.224
545.764	293.314
545.686	293.387
545.593	293.468
545.505	293.543
545.415	293.615
545.319	293.691
545.236	293.755
545.129	293.838
545.046	293.907
544.975	293.974
544.892	294.044
544.786	294.127
544.705	294.19
544.609	294.267
544.52	294.334
544.441	294.399
544.357	294.476
544.278	294.544
544.18	294.625
544.105	294.687
544.035	294.74
543.954	294.8
543.856	294.876
543.785	294.937
543.701	295.008
543.621	295.072
543.542	295.133
543.461	295.201
543.395	295.262
543.306	295.341
543.231	295.4
543.162	295.448
543.088	295.505
543.004	295.578
542.95	295.635
542.883	295.701
542.815	295.76
542.749	295.815
542.684	295.875
542.622	295.926
542.538	295.996
542.478	296.05
542.434	296.085
542.38	296.12
542.304	296.172
542.241	296.23
542.17	296.303
542.11	296.363
542.066	296.417
542.019	296.481
541.956	296.527
541.862	296.587
541.794	296.639
541.731	296.691
541.66	296.748
541.571	296.818
541.501	296.871
541.42	296.931
541.346	296.987
541.276	297.044
541.202	297.107
541.138	297.159
541.047	297.205
540.977	297.247
540.928	297.312
540.872	297.378
540.8	297.449
540.749	297.498
540.687	297.554
540.632	297.614
540.586	297.681
540.535	297.749
540.496	297.8
540.446	297.875
540.406	297.94
540.372	297.997
540.338	298.06
540.298	298.139
540.277	298.203
540.255	298.28
540.232	298.351
540.207	298.422
540.181	298.499
540.173	298.567
540.172	298.658
540.172	298.73
540.183	298.794
540.2	298.863
540.216	298.95
540.235	299.017
540.268	299.091
540.307	299.163
540.356	299.232
540.406	299.303
540.446	299.37
540.497	299.458
540.536	299.527
540.564	299.592
540.596	299.661
540.642	299.748
540.683	299.817
540.731	299.899
540.776	299.976
540.82	300.054
540.866	300.136
540.906	300.209
540.966	300.309
541.014	300.389
541.058	300.461
541.108	300.542
541.168	300.644
541.209	300.72
541.26	300.81
541.309	300.894
541.362	300.98
541.421	301.071
541.472	301.15
541.538	301.251
541.593	301.332
541.644	301.405
541.7	301.483
541.759	301.579
541.788	301.651
541.83	301.735
541.887	301.825
541.953	301.924
542.01	302.025
542.051	302.109
542.105	302.216
542.149	302.303
542.187	302.382
542.238	302.466
542.304	302.573
542.353	302.662
542.41	302.764
542.465	302.855
542.52	302.941
542.578	303.035
542.622	303.115
542.68	303.216
542.73	303.299
542.777	303.38
542.83	303.469
542.895	303.578
542.944	303.667
543.001	303.773
543.055	303.864
543.109	303.944
543.165	304.033
543.208	304.104
543.261	304.19
543.305	304.26
543.345	304.33
543.39	304.405
543.444	304.498
543.482	304.568
543.527	304.647
543.574	304.724
543.623	304.805
543.672	304.889
543.719	304.96
543.776	305.047
543.818	305.118
543.857	305.187
543.902	305.263
543.955	305.355
543.993	305.424
544.042	305.508
544.093	305.586
544.149	305.667
544.204	305.754
544.247	305.828
544.302	305.923
544.347	305.996
544.384	306.057
544.424	306.125
544.474	306.212
544.513	306.281
544.56	306.361
544.604	306.433
544.646	306.501
544.691	306.574
544.737	306.631
544.803	306.7
544.857	306.755
544.91	306.802
544.964	306.852
545.031	306.915
545.088	306.96
545.156	307.01
545.225	307.054
545.3	307.095
545.377	307.139
545.444	307.169
545.533	307.204
545.605	307.232
545.673	307.252
545.748	307.273
545.842	307.298
545.92	307.313
546.011	307.33
546.099	307.344
546.191	307.354
546.287	307.365
546.373	307.369
546.487	307.373
546.578	307.376
546.663	307.371
546.757	307.363
546.874	307.355
546.963	307.349
547.07	307.34
547.172	307.329
547.277	307.315
547.387	307.3
547.48	307.281
547.599	307.253
547.695	307.23
547.784	307.205
547.882	307.175
548.003	307.138
548.095	307.105
548.201	307.068
548.301	307.028
548.401	306.981
548.506	306.933
548.594	306.89
548.708	306.832
548.801	306.784
548.887	306.737
548.98	306.685
549.096	306.621
549.188	306.57
549.295	306.51
549.395	306.452
549.495	306.394
549.602	306.332
549.693	306.279
549.811	306.211
549.906	306.156
549.994	306.105
550.088	306.05
550.205	305.982
550.296	305.928
550.401	305.866
550.502	305.807
550.605	305.749
550.712	305.688
550.8	305.634
550.913	305.564
551.007	305.509
551.096	305.458
551.188	305.402
551.303	305.332
551.394	305.28
551.498	305.218
551.598	305.159
551.7	305.1
551.807	305.038
551.899	304.986
552.02	304.92
552.116	304.866
552.203	304.814
552.298	304.758
552.418	304.689
552.511	304.636
552.619	304.574
552.721	304.515
552.822	304.456
552.929	304.393
553.019	304.34
553.137	304.271
553.233	304.216
553.325	304.167
553.425	304.114
553.545	304.047
553.635	303.993
553.741	303.93
553.842	303.872
553.944	303.813
554.051	303.751
554.142	303.698
554.26	303.63
554.355	303.575
554.443	303.524
554.539	303.468
554.658	303.4
554.75	303.349
554.858	303.289
554.96	303.231
555.062	303.173
555.169	303.111
555.261	303.059
555.379	302.992
555.475	302.938
555.563	302.889
555.658	302.835
555.776	302.768
555.867	302.715
555.973	302.653
556.073	302.595
556.173	302.537
556.278	302.477
556.369	302.424
556.484	302.356
556.577	302.301
556.663	302.25
556.756	302.195
556.872	302.128
556.961	302.078
557.065	302.019
557.163	301.961
557.261	301.904
557.363	301.843
557.451	301.791
557.565	301.725
557.656	301.672
557.739	301.623
557.828	301.57
557.939	301.505
558.023	301.455
558.122	301.397
558.215	301.343
558.307	301.29
558.405	301.234
558.485	301.187
558.586	301.128
558.666	301.081
558.735	301.042
558.808	301
558.896	300.949
558.957	300.915
559.029	300.875
559.094	300.838
559.153	300.803
559.217	300.767
559.268	300.737
559.329	300.7
559.379	300.669
559.428	300.64
559.485	300.611
559.557	300.575
559.612	300.546
559.674	300.514
559.729	300.483
559.782	300.453
559.841	300.422
559.891	300.393
559.957	300.354
560.011	300.322
560.067	300.291
560.128	300.257
560.203	300.215
560.263	300.181
560.334	300.142
560.402	300.104
560.47	300.065
560.543	300.024
560.609	299.988
560.695	299.939
560.761	299.899
560.821	299.86
560.892	299.82
560.983	299.771
561.054	299.732
561.138	299.686
561.216	299.641
561.295	299.596
561.376	299.549
561.441	299.508
561.532	299.453
561.613	299.408
561.694	299.366
561.78	299.32
561.883	299.262
561.963	299.216
562.056	299.163
562.146	299.115
562.238	299.066
562.334	299.014
562.417	298.968
562.525	298.906
562.612	298.857
562.694	298.812
562.783	298.764
562.895	298.704
562.984	298.657
563.084	298.6
563.18	298.545
563.276	298.49
563.378	298.431
563.467	298.381
563.582	298.317
563.675	298.265
563.761	298.215
563.854	298.161
563.97	298.095
564.06	298.044
564.165	297.984
564.266	297.927
564.366	297.869
564.473	297.809
564.563	297.756
564.678	297.687
564.772	297.632
564.862	297.583
564.96	297.53
565.079	297.463
565.171	297.409
565.28	297.347
565.384	297.289
565.487	297.231
565.597	297.169
565.69	297.116
565.812	297.046
565.91	296.99
566.001	296.937
566.1	296.881
566.222	296.812
566.317	296.759
566.428	296.697
566.533	296.636
566.637	296.575
566.747	296.512
566.84	296.459
566.96	296.392
567.056	296.338
567.141	296.29
567.232	296.237
567.345	296.172
567.429	296.124
567.527	296.067
567.621	296.015
567.711	295.964
567.804	295.91
567.885	295.864
567.989	295.804
568.072	295.755
568.145	295.711
568.227	295.667
568.329	295.613
568.405	295.569
568.495	295.518
568.581	295.468
568.668	295.418
568.759	295.365
568.84	295.319
568.946	295.26
569.032	295.212
569.113	295.166
569.199	295.116
569.305	295.054
569.39	295.005
569.489	294.949
569.584	294.895
569.681	294.84
569.783	294.781
569.87	294.73
569.984	294.664
570.076	294.611
570.164	294.562
570.261	294.509
570.379	294.442
570.469	294.387
570.578	294.324
570.681	294.264
570.783	294.203
570.893	294.139
570.988	294.082
571.111	294.009
571.21	293.95
571.304	293.894
571.406	293.834
571.532	293.76
571.629	293.703
571.743	293.635
571.851	293.572
571.957	293.509
572.07	293.442
572.163	293.387
572.282	293.316
572.378	293.259
572.465	293.21
572.558	293.156
572.672	293.091
572.76	293.045
572.862	292.992
572.946	292.939
573.014	292.884
573.091	292.827
573.171	292.787
573.277	292.74
573.356	292.699
573.426	292.661
573.502	292.621
573.595	292.571
573.663	292.532
573.744	292.486
573.822	292.441
573.899	292.397
573.981	292.35
574.052	292.31
574.144	292.259
574.219	292.218
574.291	292.177
574.369	292.132
574.468	292.075
574.549	292.028
574.642	291.974
574.732	291.921
574.825	291.866
574.924	291.809
575.01	291.759
575.124	291.694
575.216	291.641
575.303	291.592
575.396	291.538
575.513	291.47
575.605	291.415
575.713	291.351
575.816	291.291
575.922	291.231
576.033	291.168
576.127	291.113
576.25	291.04
576.35	290.981
576.442	290.925
576.543	290.864
576.669	290.789
576.767	290.732
576.882	290.664
576.992	290.599
577.103	290.533
577.219	290.464
577.319	290.406
577.451	290.331
577.557	290.27
577.653	290.212
577.756	290.149
577.886	290.072
577.988	290.012
578.107	289.942
578.22	289.876
578.334	289.809
578.455	289.738
578.558	289.679
578.692	289.602
578.8	289.54
578.901	289.482
579.01	289.42
579.144	289.343
579.248	289.284
579.37	289.215
579.486	289.148
579.602	289.082
579.724	289.012
579.828	288.954
579.962	288.878
580.071	288.816
580.172	288.76
580.282	288.698
580.417	288.622
580.52	288.565
580.642	288.497
580.757	288.433
580.87	288.37
580.989	288.302
581.089	288.245
581.217	288.17
581.321	288.111
581.417	288.058
581.521	288
581.649	287.928
581.746	287.872
581.859	287.807
581.965	287.746
582.07	287.688
582.18	287.626
582.271	287.574
582.386	287.508
582.479	287.455
582.56	287.408
582.648	287.357
582.757	287.295
582.839	287.249
582.935	287.195
583.024	287.144
583.112	287.094
583.205	287.041
583.284	286.996
583.384	286.938
583.465	286.892
583.538	286.851
583.616	286.808
583.713	286.753
583.788	286.711
583.875	286.662
583.956	286.615
584.036	286.569
584.121	286.521
584.192	286.481
584.281	286.429
584.354	286.387
584.424	286.349
584.498	286.307
584.588	286.255
584.655	286.214
584.733	286.167
584.805	286.123
584.875	286.079
584.951	286.033
585.018	285.995
585.101	285.945
585.167	285.905
585.228	285.871
585.294	285.834
585.377	285.79
585.442	285.76
585.518	285.726
585.592	285.697
585.667	285.675
585.746	285.651
585.813	285.638
585.9	285.625
585.972	285.616
586.04	285.616
586.113	285.617
586.202	285.62
586.27	285.631
586.349	285.643
586.424	285.661
586.498	285.688
586.575	285.717
586.636	285.75
586.711	285.798
586.771	285.838
586.82	285.884
586.872	285.935
586.932	285.998
586.968	286.052
587.015	286.117
587.055	286.18
587.092	286.248
587.131	286.319
587.158	286.379
587.192	286.459
587.222	286.525
587.248	286.589
587.277	286.658
587.313	286.744
587.342	286.812
587.375	286.891
587.405	286.966
587.435	287.042
587.469	287.122
587.499	287.193
587.539	287.285
587.571	287.358
587.605	287.427
587.641	287.501
587.687	287.593
587.725	287.665
587.768	287.75
587.809	287.829
587.85	287.908
587.895	287.99
587.934	288.06
587.983	288.149
588.022	288.221
588.058	288.286
588.097	288.356
588.147	288.442
588.187	288.507
588.232	288.583
588.276	288.653
588.32	288.719
588.366	288.789
588.406	288.847
588.458	288.918
588.5	288.975
588.541	289.024
588.585	289.076
588.64	289.138
588.685	289.179
588.74	289.227
588.792	289.271
588.85	289.309
588.911	289.349
588.951	289.379
589.006	289.414
589.057	289.44
589.107	289.456
589.161	289.472
589.227	289.49
589.28	289.494
589.342	289.499
589.4	289.501
589.458	289.498
589.52	289.495
589.574	289.487
589.645	289.473
589.702	289.461
589.757	289.443
589.815	289.422
589.889	289.397
589.95	289.375
590.018	289.348
590.084	289.321
590.151	289.29
590.219	289.258
590.277	289.23
590.358	289.194
590.426	289.165
590.494	289.137
590.569	289.107
590.66	289.07
590.731	289.038
590.815	289.002
590.896	288.968
590.978	288.932
591.064	288.893
591.137	288.861
591.229	288.817
591.306	288.781
591.384	288.749
591.47	288.713
591.574	288.668
591.653	288.633
591.747	288.593
591.838	288.553
591.929	288.514
592.025	288.472
592.107	288.437
592.216	288.39
592.305	288.353
592.388	288.319
592.478	288.28
592.586	288.229
592.669	288.189
592.77	288.143
592.864	288.099
592.954	288.052
593.049	288.003
593.125	287.96
593.217	287.902
593.293	287.855
593.364	287.812
593.44	287.765
593.539	287.709
593.627	287.669
593.729	287.622
593.822	287.576
593.912	287.527
594.008	287.476
594.088	287.435
594.195	287.38
594.282	287.335
594.357	287.291
594.435	287.243
594.533	287.184
594.611	287.142
594.702	287.091
594.788	287.045
594.874	287
594.965	286.952
595.042	286.912
595.142	286.859
595.222	286.817
595.294	286.779
595.372	286.737
595.468	286.684
595.542	286.644
595.627	286.597
595.708	286.553
595.787	286.508
595.87	286.462
595.94	286.423
596.031	286.372
596.105	286.331
596.176	286.293
596.251	286.253
596.345	286.202
596.421	286.161
596.511	286.114
596.594	286.069
596.68	286.022
596.771	285.973
596.851	285.929
596.956	285.871
597.04	285.825
597.116	285.783
597.198	285.738
597.302	285.681
597.387	285.636
597.484	285.582
597.575	285.531
597.665	285.48
597.761	285.427
597.843	285.383
597.949	285.328
598.034	285.283
598.111	285.241
598.194	285.196
598.295	285.139
598.37	285.091
598.457	285.035
598.537	284.982
598.612	284.924
598.69	284.861
598.749	284.801
598.82	284.724
598.876	284.663
598.916	284.602
598.958	284.535
599.008	284.451
599.035	284.381
599.066	284.301
599.087	284.224
599.1	284.146
599.115	284.064
599.127	283.992
599.139	283.898
599.149	283.822
599.156	283.749
599.164	283.669
599.174	283.569
599.18	283.489
599.188	283.398
599.199	283.31
599.212	283.221
599.224	283.128
599.234	283.047
599.248	282.942
599.259	282.858
599.268	282.78
599.278	282.696
599.291	282.593
599.302	282.512
599.316	282.417
599.328	282.329
599.34	282.244
599.353	282.153
599.364	282.075
599.378	281.973
599.389	281.891
599.402	281.815
599.415	281.734
599.433	281.633
599.451	281.556
599.473	281.466
599.499	281.383
599.532	281.304
599.567	281.22
599.602	281.151
599.653	281.064
599.695	280.995
599.74	280.935
599.791	280.871
599.858	280.795
599.919	280.745
599.986	280.684
600.05	280.628
600.116	280.576
600.186	280.522
600.245	280.477
600.32	280.419
600.382	280.373
600.438	280.334
600.5	280.291
600.575	280.237
600.631	280.196
600.696	280.148
600.754	280.101
600.806	280.052
600.861	280.001
600.9	279.956
600.945	279.895
600.981	279.846
601.006	279.8
601.029	279.748
601.054	279.683
601.064	279.633
601.075	279.574
601.079	279.519
601.074	279.466
601.069	279.409
601.057	279.362
601.033	279.301
601.012	279.252
600.986	279.208
600.957	279.16
600.918	279.1
600.88	279.054
600.838	279.001
600.797	278.95
600.75	278.896
600.701	278.84
600.66	278.792
600.608	278.731
600.564	278.68
600.518	278.632
600.467	278.578
600.407	278.513
600.362	278.465
600.309	278.408
600.258	278.352
600.206	278.294
600.15	278.234
600.101	278.179
600.035	278.107
599.982	278.049
599.932	277.99
599.877	277.925
599.808	277.844
599.751	277.78
599.686	277.706
599.625	277.633
599.562	277.559
599.495	277.481
599.436	277.412
599.359	277.321
599.296	277.248
599.237	277.179
599.172	277.104
599.091	277.011
599.026	276.937
598.949	276.85
598.876	276.769
598.803	276.687
598.726	276.601
598.66	276.528
598.578	276.433
598.511	276.357
598.441	276.285
598.368	276.207
598.28	276.109
598.214	276.033
598.14	275.945
598.065	275.861
597.988	275.777
597.91	275.688
597.842	275.612
597.755	275.515
597.686	275.437
597.622	275.366
597.554	275.288
597.47	275.192
597.404	275.12
597.328	275.033
597.255	274.952
597.183	274.871
597.109	274.786
597.043	274.715
596.959	274.622
596.892	274.546
596.83	274.478
596.763	274.404
596.68	274.313
596.617	274.243
596.544	274.161
596.472	274.084
596.4	274.008
596.327	273.927
596.265	273.858
596.186	273.77
596.122	273.699
596.06	273.633
595.993	273.562
595.912	273.474
595.853	273.406
595.781	273.327
595.71	273.254
595.637	273.182
595.565	273.105
595.51	273.039
595.438	272.953
595.376	272.885
595.315	272.821
595.248	272.753
595.168	272.668
595.108	272.602
595.038	272.523
594.971	272.451
594.903	272.38
594.832	272.303
594.771	272.238
594.693	272.155
594.63	272.089
594.573	272.027
594.51	271.959
594.434	271.875
594.379	271.811
594.311	271.738
594.248	271.667
594.187	271.597
594.12	271.524
594.062	271.462
593.988	271.382
593.929	271.318
593.876	271.258
593.819	271.195
593.748	271.117
593.695	271.055
593.633	270.984
593.577	270.919
593.52	270.855
593.459	270.786
593.404	270.725
593.33	270.648
593.274	270.588
593.229	270.534
593.178	270.477
593.114	270.403
593.068	270.342
593.011	270.273
592.954	270.21
592.893	270.149
592.831	270.084
592.78	270.027
592.717	269.955
592.666	269.896
592.617	269.841
592.564	269.78
592.497	269.704
592.446	269.646
592.389	269.58
592.335	269.516
592.278	269.451
592.218	269.383
592.164	269.328
592.095	269.256
592.041	269.198
591.996	269.146
591.947	269.088
591.884	269.016
591.836	268.965
591.779	268.904
591.729	268.849
591.681	268.796
591.628	268.739
591.587	268.69
591.538	268.629
591.498	268.58
591.461	268.536
591.422	268.487
591.376	268.426
591.347	268.38
591.314	268.324
591.287	268.272
591.265	268.22
591.242	268.164
591.229	268.115
591.217	268.048
591.209	267.993
591.213	267.941
591.219	267.884
591.231	267.814
591.252	267.761
591.275	267.699
591.305	267.641
591.346	267.583
591.387	267.523
591.431	267.474
591.494	267.411
591.544	267.36
591.595	267.316
591.651	267.267
591.722	267.207
591.782	267.162
591.852	267.108
591.92	267.057
591.991	267.005
592.065	266.95
592.128	266.905
592.211	266.847
592.278	266.8
592.341	266.757
592.411	266.712
592.492	266.657
592.548	266.615
592.619	266.566
592.689	266.522
592.758	266.479
592.831	266.434
592.895	266.396
592.975	266.347
593.039	266.306
593.101	266.269
593.168	266.228
593.254	266.177
593.323	266.136
593.401	266.088
593.473	266.043
593.544	265.997
593.62	265.948
593.681	265.901
593.758	265.839
593.82	265.789
593.874	265.739
593.932	265.684
594.003	265.615
594.054	265.559
594.111	265.493
594.162	265.429
594.207	265.363
594.255	265.294
594.291	265.234
594.332	265.154
594.364	265.09
594.388	265.029
594.412	264.963
594.438	264.88
594.448	264.815
594.461	264.741
594.468	264.668
594.468	264.595
594.469	264.519
594.461	264.453
594.441	264.369
594.426	264.301
594.406	264.238
594.381	264.169
594.348	264.084
594.318	264.02
594.281	263.946
594.245	263.876
594.203	263.805
594.158	263.729
594.116	263.665
594.06	263.585
594.015	263.52
593.97	263.459
593.92	263.393
593.857	263.311
593.805	263.249
593.745	263.175
593.686	263.104
593.624	263.033
593.559	262.959
593.503	262.895
593.431	262.813
593.373	262.747
593.319	262.686
593.261	262.621
593.189	262.54
593.134	262.478
593.072	262.405
593.013	262.337
592.953	262.269
592.891	262.198
592.838	262.137
592.769	262.06
592.712	261.998
592.66	261.941
592.603	261.879
592.534	261.804
592.48	261.746
592.418	261.679
592.359	261.615
592.301	261.552
592.239	261.485
592.187	261.428
592.118	261.355
592.063	261.296
592.013	261.242
591.958	261.183
591.888	261.107
591.832	261.044
591.767	260.972
591.707	260.905
591.648	260.841
591.585	260.77
591.528	260.708
591.454	260.625
591.394	260.559
591.339	260.496
591.278	260.429
591.202	260.346
591.143	260.281
591.072	260.205
591.004	260.132
590.936	260.057
590.865	259.978
590.803	259.911
590.722	259.825
590.657	259.755
590.598	259.689
590.533	259.618
590.453	259.53
590.391	259.463
590.317	259.384
590.248	259.311
590.178	259.238
590.104	259.161
590.042	259.095
589.962	259.012
589.898	258.945
589.84	258.881
589.777	258.813
589.697	258.729
589.633	258.663
589.56	258.586
589.489	258.511
589.417	258.436
589.342	258.357
589.279	258.289
589.197	258.201
589.13	258.131
589.068	258.066
589.001	257.996
588.918	257.909
588.856	257.841
588.783	257.762
588.713	257.686
588.643	257.609
588.57	257.527
588.508	257.458
588.43	257.368
588.366	257.296
588.304	257.233
588.236	257.164
588.153	257.078
588.088	257.013
588.012	256.937
587.941	256.864
587.873	256.79
587.8	256.711
587.739	256.645
587.659	256.559
587.595	256.49
587.539	256.427
587.476	256.36
587.398	256.277
587.34	256.213
587.272	256.137
587.209	256.065
587.149	255.992
587.084	255.914
587.031	255.851
586.963	255.77
586.909	255.704
586.862	255.642
586.813	255.575
586.752	255.492
586.708	255.428
586.657	255.352
586.611	255.281
586.567	255.21
586.52	255.134
586.482	255.07
586.436	254.989
586.398	254.923
586.364	254.859
586.327	254.79
586.282	254.705
586.247	254.64
586.205	254.564
586.166	254.492
586.128	254.421
586.086	254.347
586.049	254.284
586	254.203
585.96	254.139
585.92	254.083
585.878	254.024
585.826	253.951
585.785	253.898
585.736	253.835
585.69	253.775
585.644	253.717
585.595	253.658
585.554	253.608
585.5	253.543
585.456	253.49
585.413	253.442
585.369	253.391
585.317	253.328
585.28	253.28
585.233	253.223
585.187	253.168
585.138	253.112
585.089	253.053
585.046	253.003
584.99	252.937
584.945	252.883
584.903	252.833
584.857	252.778
584.799	252.71
584.753	252.657
584.7	252.595
584.648	252.535
584.595	252.475
584.541	252.411
584.492	252.356
584.428	252.284
584.377	252.226
584.33	252.172
584.279	252.113
584.215	252.04
584.165	251.984
584.106	251.917
584.05	251.854
583.995	251.792
583.936	251.725
583.886	251.667
583.821	251.592
583.769	251.532
583.721	251.478
583.67	251.418
583.605	251.344
583.554	251.288
583.494	251.223
583.439	251.161
583.386	251.098
583.329	251.033
583.28	250.978
583.215	250.907
583.163	250.85
583.116	250.797
583.066	250.74
583.003	250.67
582.954	250.616
582.898	250.553
582.841	250.494
582.782	250.436
582.723	250.374
582.672	250.323
582.602	250.259
582.544	250.208
582.49	250.161
582.432	250.11
582.36	250.046
582.303	249.997
582.237	249.94
582.174	249.885
582.112	249.83
582.045	249.771
581.986	249.72
581.91	249.652
581.85	249.597
581.795	249.543
581.735	249.484
581.66	249.412
581.601	249.355
581.532	249.287
581.466	249.221
581.401	249.152
581.333	249.081
581.276	249.019
581.202	248.937
581.142	248.872
581.086	248.811
581.025	248.746
580.95	248.664
580.893	248.601
580.825	248.527
580.761	248.457
580.697	248.386
580.629	248.312
580.571	248.249
580.496	248.168
580.435	248.102
580.379	248.041
580.319	247.974
580.244	247.892
580.185	247.83
580.117	247.756
580.052	247.686
579.986	247.616
579.918	247.542
579.86	247.48
579.785	247.399
579.724	247.334
579.668	247.274
579.608	247.21
579.535	247.13
579.478	247.07
579.411	247
579.349	246.934
579.288	246.868
579.223	246.799
579.168	246.741
579.099	246.667
579.043	246.607
578.992	246.553
578.937	246.494
578.869	246.422
578.818	246.367
578.758	246.302
578.702	246.241
578.648	246.181
578.589	246.118
578.54	246.066
578.478	245.999
578.429	245.946
578.385	245.9
578.339	245.851
578.282	245.791
578.24	245.746
578.191	245.694
578.147	245.646
578.107	245.6
578.064	245.552
578.029	245.514
577.983	245.468
577.946	245.431
577.911	245.399
577.874	245.365
577.827	245.324
577.786	245.296
577.738	245.263
577.694	245.236
577.647	245.215
577.597	245.191
577.553	245.177
577.494	245.163
577.447	245.153
577.403	245.151
577.355	245.151
577.295	245.153
577.247	245.161
577.19	245.17
577.133	245.182
577.075	245.199
577.016	245.216
576.965	245.235
576.899	245.261
576.845	245.282
576.796	245.306
576.743	245.333
576.679	245.367
576.628	245.396
576.564	245.43
576.503	245.462
576.44	245.497
576.375	245.534
576.318	245.567
576.244	245.611
576.184	245.647
576.125	245.681
576.061	245.718
575.982	245.764
575.921	245.801
575.848	245.843
575.78	245.884
575.712	245.925
575.64	245.968
575.579	246.004
575.5	246.05
575.437	246.087
575.38	246.122
575.318	246.159
575.239	246.206
575.177	246.243
575.104	246.288
575.035	246.329
574.965	246.369
574.892	246.411
574.83	246.448
574.752	246.497
574.689	246.535
574.631	246.568
574.568	246.604
574.492	246.647
574.437	246.681
574.367	246.723
574.3	246.763
574.234	246.801
574.166	246.842
574.111	246.875
574.038	246.919
573.981	246.956
573.933	246.991
573.869	247.026
573.788	247.067
573.729	247.097
573.658	247.133
573.592	247.166
573.528	247.199
573.458	247.233
573.399	247.259
573.324	247.294
573.263	247.322
573.202	247.341
573.135	247.361
573.052	247.384
572.987	247.395
572.911	247.408
572.839	247.417
572.765	247.421
572.688	247.426
572.623	247.427
572.538	247.426
572.47	247.426
572.408	247.427
572.341	247.428
572.261	247.433
572.203	247.442
572.133	247.453
572.068	247.467
572.008	247.487
571.944	247.507
571.894	247.528
571.833	247.558
571.783	247.581
571.737	247.603
571.688	247.628
571.629	247.659
571.586	247.684
571.536	247.712
571.489	247.739
571.443	247.765
571.395	247.793
571.356	247.814
571.309	247.84
571.272	247.86
571.242	247.877
571.212	247.894
571.175	247.915
571.152	247.928
571.124	247.944
571.101	247.957
571.081	247.968
571.061	247.98
571.046	247.989
571.029	247.998
571.015	248.005
571.006	248.01
570.997	248.015
570.987	248.021
570.985	248.023