571.254	247.829
571.253	247.83
571.251	247.831
571.249	247.831
571.247	247.832
571.244	247.834
571.242	247.835
571.239	247.836
571.236	247.838
571.233	247.839
571.23	247.841
571.227	247.843
571.223	247.845
571.219	247.848
571.216	247.85
571.211	247.852
571.206	247.855
571.202	247.857
571.197	247.86
571.192	247.863
571.188	247.865
571.183	247.867
571.18	247.868
571.176	247.87
571.173	247.872
571.171	247.873
571.169	247.875
571.166	247.876
571.165	247.876
571.164	247.877
571.163	247.877
571.163	247.877
571.162	247.878
571.162	247.878
571.162	247.878
571.163	247.877
571.163	247.877
571.163	247.877
571.163	247.877
571.163	247.877
571.164	247.877
571.164	247.877
571.164	247.877
571.164	247.877
571.164	247.877
571.164	247.877
571.164	247.877
571.164	247.877
571.164	247.877
571.164	247.876
571.171	247.872
571.197	247.858
571.164	247.876
571.067	247.93
570.873	248.037
570.707	248.13
570.432	248.287
570.151	248.449
570.028	248.52
569.998	248.537
570.017	248.526
570.008	248.532
569.992	248.542
569.977	248.552
569.965	248.56
569.95	248.57
569.938	248.577
569.922	248.586
569.906	248.595
569.894	248.602
569.878	248.612
569.861	248.623
569.849	248.63
569.832	248.639
569.816	248.649
569.804	248.656
569.789	248.666
569.777	248.673
569.761	248.683
569.745	248.693
569.733	248.7
569.716	248.709
569.7	248.719
569.688	248.726
569.672	248.737
569.656	248.747
569.644	248.754
569.627	248.764
569.614	248.771
569.597	248.781
569.58	248.792
569.567	248.8
569.549	248.81
569.531	248.82
569.517	248.829
569.499	248.84
569.481	248.852
569.467	248.86
569.449	248.871
569.435	248.879
569.416	248.891
569.397	248.903
569.382	248.912
569.363	248.924
569.343	248.936
569.328	248.945
569.308	248.958
569.287	248.971
569.271	248.981
569.249	248.993
569.233	249.003
569.211	249.016
569.189	249.03
569.172	249.04
569.15	249.054
569.127	249.068
569.109	249.078
569.085	249.092
569.061	249.107
569.043	249.118
569.019	249.133
569	249.144
568.975	249.16
568.949	249.176
568.93	249.188
568.904	249.204
568.878	249.22
568.858	249.232
568.832	249.248
568.805	249.265
568.785	249.278
568.758	249.294
568.738	249.307
568.711	249.324
568.684	249.341
568.663	249.353
568.636	249.37
568.608	249.388
568.586	249.401
568.556	249.418
568.526	249.435
568.504	249.449
568.475	249.467
568.453	249.481
568.424	249.5
568.395	249.519
568.373	249.533
568.343	249.552
568.313	249.571
568.29	249.585
568.259	249.604
568.228	249.623
568.205	249.637
568.174	249.656
568.151	249.67
568.119	249.689
568.086	249.708
568.062	249.722
568.031	249.74
568.001	249.759
567.977	249.774
567.946	249.793
567.914	249.812
567.89	249.826
567.858	249.845
567.834	249.859
567.802	249.878
567.769	249.897
567.745	249.912
567.713	249.931
567.68	249.949
567.656	249.963
567.623	249.982
567.59	250
567.565	250.014
567.533	250.034
567.508	250.048
567.475	250.066
567.442	250.085
567.418	250.099
567.384	250.117
567.351	250.136
567.327	250.15
567.295	250.169
567.262	250.189
567.236	250.204
567.201	250.226
567.175	250.241
567.142	250.26
567.11	250.279
567.086	250.293
567.053	250.311
567.021	250.328
566.997	250.342
566.965	250.361
566.934	250.379
566.911	250.392
566.88	250.41
566.857	250.423
566.827	250.441
566.798	250.459
566.776	250.472
566.746	250.49
566.716	250.507
566.695	250.52
566.668	250.537
566.642	250.554
566.622	250.567
566.595	250.585
566.575	250.598
566.55	250.616
566.527	250.634
566.509	250.646
566.485	250.662
566.462	250.677
566.445	250.689
566.423	250.706
566.402	250.724
566.387	250.738
566.367	250.756
566.353	250.771
566.334	250.791
566.315	250.812
566.302	250.827
566.285	250.848
566.271	250.87
566.26	250.886
566.248	250.907
566.237	250.929
566.23	250.946
566.223	250.969
566.217	250.986
566.208	251.009
566.2	251.033
566.194	251.051
566.187	251.075
566.181	251.099
566.178	251.117
566.174	251.143
566.172	251.168
566.171	251.187
566.17	251.213
566.17	251.233
566.171	251.26
566.172	251.286
566.175	251.307
566.181	251.335
566.189	251.363
566.195	251.384
566.204	251.413
566.214	251.442
566.222	251.463
566.233	251.492
566.242	251.513
566.255	251.542
566.268	251.571
566.279	251.593
566.293	251.622
566.309	251.651
566.321	251.673
566.338	251.702
566.355	251.732
566.368	251.754
566.387	251.783
566.401	251.805
566.42	251.835
566.44	251.864
566.455	251.886
566.475	251.915
566.495	251.945
566.511	251.967
566.532	251.997
566.554	252.027
566.571	252.049
566.593	252.079
566.61	252.101
566.633	252.131
566.657	252.161
566.675	252.183
566.698	252.214
566.721	252.244
566.739	252.266
566.763	252.296
566.788	252.326
566.807	252.349
566.831	252.379
566.85	252.402
566.875	252.433
566.9	252.464
566.919	252.487
566.945	252.517
566.97	252.547
566.989	252.57
567.014	252.602
567.039	252.633
567.058	252.657
567.084	252.688
567.104	252.712
567.131	252.744
567.158	252.775
567.178	252.799
567.204	252.831
567.23	252.864
567.25	252.888
567.277	252.921
567.304	252.953
567.324	252.977
567.351	253.01
567.371	253.034
567.398	253.066
567.425	253.099
567.445	253.123
567.472	253.157
567.498	253.191
567.518	253.216
567.545	253.249
567.571	253.283
567.59	253.308
567.616	253.342
567.635	253.367
567.662	253.401
567.689	253.434
567.71	253.459
567.738	253.492
567.766	253.525
567.787	253.55
567.814	253.583
567.842	253.616
567.864	253.641
567.896	253.675
567.918	253.7
567.946	253.734
567.973	253.768
567.994	253.794
568.021	253.828
568.049	253.862
568.07	253.887
568.099	253.92
568.127	253.954
568.147	253.979
568.174	254.013
568.194	254.039
568.221	254.073
568.249	254.107
568.27	254.133
568.299	254.167
568.328	254.201
568.35	254.226
568.379	254.259
568.408	254.292
568.428	254.317
568.454	254.35
568.474	254.375
568.501	254.408
568.528	254.441
568.549	254.465
568.576	254.497
568.602	254.528
568.623	254.552
568.65	254.584
568.677	254.616
568.698	254.64
568.726	254.673
568.747	254.698
568.774	254.731
568.799	254.764
568.818	254.788
568.842	254.819
568.867	254.85
568.886	254.874
568.911	254.905
568.938	254.936
568.959	254.96
568.988	254.991
569.009	255.015
569.037	255.047
569.065	255.079
569.086	255.103
569.113	255.135
569.14	255.167
569.161	255.191
569.188	255.223
569.215	255.255
569.236	255.279
569.263	255.312
569.284	255.337
569.312	255.369
569.341	255.402
569.362	255.426
569.39	255.458
569.418	255.491
569.439	255.515
569.469	255.548
569.498	255.581
569.519	255.606
569.548	255.638
569.569	255.663
569.598	255.696
569.627	255.729
569.649	255.754
569.678	255.788
569.707	255.823
569.729	255.848
569.758	255.882
569.787	255.915
569.808	255.94
569.837	255.973
569.858	255.998
569.887	256.031
569.916	256.064
569.937	256.089
569.966	256.122
569.995	256.155
570.016	256.179
570.044	256.212
570.072	256.245
570.093	256.269
570.12	256.301
570.14	256.325
570.167	256.357
570.195	256.388
570.215	256.412
570.241	256.444
570.266	256.475
570.286	256.499
570.313	256.529
570.339	256.56
570.358	256.583
570.384	256.612
570.403	256.635
570.428	256.665
570.453	256.696
570.472	256.719
570.498	256.749
570.523	256.78
570.541	256.804
570.566	256.835
570.591	256.867
570.61	256.891
570.636	256.922
570.655	256.945
570.679	256.976
570.703	257.007
570.72	257.03
570.741	257.06
570.762	257.091
570.778	257.113
570.799	257.141
570.82	257.169
570.835	257.19
570.855	257.217
570.87	257.238
570.89	257.266
570.91	257.293
570.924	257.314
570.941	257.341
570.959	257.368
570.972	257.389
570.991	257.416
571.009	257.444
571.022	257.465
571.039	257.492
571.051	257.513
571.067	257.541
571.084	257.57
571.096	257.591
571.114	257.621
571.132	257.651
571.144	257.674
571.158	257.705
571.173	257.737
571.186	257.762
571.204	257.797
571.218	257.823
571.236	257.859
571.253	257.895
571.266	257.922
571.283	257.96
571.298	257.998
571.309	258.026
571.321	258.064
571.334	258.102
571.344	258.131
571.358	258.171
571.368	258.201
571.381	258.24
571.394	258.28
571.403	258.31
571.414	258.35
571.425	258.391
571.434	258.421
571.445	258.462
571.456	258.503
571.464	258.533
571.474	258.573
571.481	258.604
571.49	258.646
571.499	258.688
571.506	258.72
571.516	258.762
571.526	258.804
571.534	258.836
571.544	258.88
571.554	258.923
571.562	258.956
571.573	258.999
571.581	259.032
571.593	259.076
571.606	259.121
571.615	259.154
571.627	259.199
571.64	259.245
571.649	259.279
571.663	259.324
571.676	259.37
571.686	259.405
571.7	259.452
571.71	259.487
571.724	259.534
571.739	259.581
571.749	259.617
571.763	259.664
571.777	259.712
571.788	259.748
571.804	259.797
571.819	259.845
571.831	259.881
571.846	259.93
571.858	259.966
571.874	260.015
571.89	260.064
571.902	260.1
571.918	260.148
571.934	260.196
571.946	260.232
571.964	260.281
571.98	260.329
571.991	260.363
572.004	260.408
572.016	260.442
572.036	260.491
572.057	260.541
572.073	260.578
572.095	260.627
572.116	260.676
572.132	260.712
572.153	260.761
572.172	260.809
572.183	260.844
572.194	260.889
572.205	260.924
572.225	260.973
572.246	261.022
572.262	261.059
572.284	261.109
572.304	261.158
572.315	261.194
572.328	261.24
572.341	261.287
572.354	261.323
572.375	261.372
572.39	261.409
572.411	261.458
572.432	261.507
572.447	261.544
572.468	261.593
572.488	261.642
572.503	261.678
572.522	261.727
572.541	261.776
572.556	261.812
572.576	261.861
572.59	261.897
572.609	261.946
572.627	261.995
572.64	262.031
572.658	262.08
572.676	262.128
572.688	262.164
572.704	262.212
572.719	262.26
572.73	262.295
572.745	262.342
572.756	262.377
572.769	262.423
572.782	262.468
572.791	262.502
572.803	262.547
572.814	262.591
572.823	262.624
572.834	262.668
572.845	262.712
572.852	262.744
572.861	262.786
572.867	262.818
572.874	262.861
572.88	262.904
572.885	262.936
572.893	262.979
572.901	263.022
572.907	263.055
572.913	263.098
572.919	263.141
572.923	263.174
572.928	263.218
572.932	263.251
572.941	263.297
572.951	263.343
572.955	263.376
572.955	263.418
572.955	263.46
572.957	263.493
572.961	263.536
572.965	263.58
572.967	263.613
572.969	263.657
572.971	263.691
572.974	263.737
572.977	263.783
572.98	263.818
572.984	263.864
572.988	263.911
572.991	263.946
572.995	263.993
572.999	264.039
573.003	264.074
573.008	264.121
573.011	264.157
573.013	264.205
573.013	264.254
573.015	264.29
573.017	264.338
573.02	264.385
573.023	264.421
573.027	264.468
573.031	264.516
573.033	264.552
573.036	264.6
573.039	264.636
573.043	264.685
573.048	264.734
573.051	264.771
573.057	264.82
573.063	264.869
573.067	264.906
573.072	264.955
573.077	265.004
573.08	265.041
573.084	265.09
573.086	265.127
573.089	265.176
573.092	265.226
573.095	265.263
573.098	265.313
573.101	265.364
573.104	265.401
573.108	265.451
573.112	265.501
573.115	265.538
573.119	265.588
573.122	265.626
573.126	265.677
573.131	265.728
573.134	265.766
573.139	265.817
573.142	265.867
573.144	265.905
573.145	265.954
573.145	266.004
573.145	266.042
573.146	266.092
573.147	266.13
573.152	266.181
573.158	266.232
573.162	266.271
573.166	266.323
573.168	266.376
573.17	266.415
573.17	266.467
573.171	266.519
573.174	266.557
573.179	266.606
573.182	266.644
573.185	266.696
573.189	266.75
573.191	266.789
573.194	266.841
573.196	266.893
573.198	266.932
573.199	266.983
573.201	267.035
573.203	267.076
573.206	267.132
573.207	267.172
573.206	267.223
573.205	267.272
573.205	267.31
573.206	267.362
573.208	267.416
573.212	267.456
573.221	267.512
573.229	267.567
573.231	267.606
573.232	267.658
573.234	267.697
573.24	267.75
573.248	267.804
573.252	267.843
573.255	267.894
573.257	267.944
573.257	267.982
573.255	268.032
573.254	268.081
573.256	268.118
573.26	268.167
573.264	268.203
573.27	268.252
573.278	268.3
573.284	268.336
573.294	268.384
573.304	268.432
573.309	268.468
573.314	268.516
573.318	268.563
573.322	268.598
573.328	268.645
573.333	268.679
573.342	268.724
573.352	268.769
573.36	268.802
573.371	268.846
573.382	268.89
573.387	268.922
573.392	268.963
573.4	269.005
573.413	269.037
573.434	269.081
573.45	269.113
573.469	269.155
573.488	269.196
573.503	269.227
573.524	269.268
573.545	269.309
573.561	269.339
573.582	269.379
573.604	269.419
573.62	269.449
573.642	269.49
573.658	269.52
573.68	269.56
573.702	269.599
573.72	269.629
573.746	269.67
573.772	269.71
573.791	269.74
573.815	269.779
573.84	269.818
573.858	269.847
573.883	269.887
573.902	269.916
573.928	269.955
573.956	269.994
573.979	270.024
574.016	270.066
574.051	270.108
574.072	270.138
574.093	270.177
574.115	270.216
574.134	270.246
574.161	270.286
574.183	270.317
574.218	270.359
574.255	270.401
574.283	270.432
574.319	270.472
574.355	270.511
574.382	270.538
574.418	270.572
574.454	270.608
574.483	270.637
574.522	270.678
574.55	270.709
574.587	270.753
574.622	270.797
574.647	270.83
574.678	270.872
574.71	270.913
574.735	270.945
574.772	270.989
574.809	271.032
574.836	271.064
574.872	271.106
574.9	271.138
574.94	271.18
574.982	271.222
575.013	271.255
575.055	271.303
575.096	271.35
575.125	271.385
575.162	271.429
575.199	271.474
575.229	271.508
575.27	271.554
575.3	271.587
575.339	271.63
575.379	271.672
575.408	271.702
575.446	271.742
575.485	271.781
575.515	271.812
575.555	271.854
575.595	271.895
575.625	271.924
575.664	271.962
575.694	271.991
575.734	272.032
575.773	272.075
575.801	272.107
575.835	272.15
575.868	272.193
575.894	272.225
575.929	272.266
575.966	272.307
575.999	272.338
576.045	272.38
576.078	272.41
576.116	272.449
576.15	272.487
576.177	272.516
576.213	272.555
576.249	272.595
576.276	272.625
576.312	272.663
576.347	272.702
576.374	272.731
576.409	272.77
576.434	272.798
576.465	272.834
576.495	272.869
576.517	272.896
576.546	272.931
576.574	272.965
576.595	272.991
576.625	273.026
576.654	273.061
576.676	273.086
576.706	273.119
576.727	273.144
576.753	273.177
576.779	273.209
576.799	273.231
576.829	273.26
576.859	273.288
576.879	273.31
576.904	273.339
576.928	273.368
576.946	273.39
576.971	273.418
576.989	273.44
577.014	273.47
577.039	273.501
577.057	273.522
577.08	273.549
577.102	273.574
577.119	273.591
577.141	273.612
577.163	273.632
577.18	273.647
577.203	273.668
577.219	273.684
577.238	273.707
577.255	273.731
577.269	273.747
577.29	273.768
577.309	273.789
577.32	273.805
577.33	273.83
577.341	273.852
577.353	273.866
577.37	273.882
577.383	273.895
577.4	273.916
577.418	273.937
577.43	273.95
577.447	273.965
577.462	273.978
577.471	273.99
577.481	274.007
577.491	274.025
577.501	274.038
577.516	274.056
577.526	274.071
577.539	274.094
577.551	274.117
577.56	274.13
577.571	274.142
577.581	274.152
577.589	274.161
577.597	274.173
577.607	274.187
577.618	274.199
577.634	274.215
577.645	274.227
577.658	274.241
577.67	274.255
577.679	274.266
577.694	274.281
577.709	274.296
577.717	274.307
577.726	274.32
577.736	274.333
577.745	274.344
577.76	274.36
577.771	274.372
577.788	274.388
577.806	274.404
577.818	274.416
577.835	274.433
577.848	274.452
577.855	274.468
577.857	274.494
577.862	274.518
577.871	274.533
577.887	274.551
577.896	274.565
577.902	274.585
577.904	274.606
577.907	274.623
577.911	274.645
577.915	274.671
577.919	274.694
577.925	274.731
577.927	274.766
577.924	274.788
577.917	274.815
577.911	274.836
577.903	274.866
577.894	274.896
577.886	274.918
577.876	274.948
577.864	274.976
577.854	274.996
577.839	275.02
577.823	275.045
577.81	275.066
577.793	275.097
577.779	275.12
577.759	275.151
577.739	275.182
577.723	275.206
577.7	275.237
577.676	275.267
577.658	275.29
577.632	275.32
577.605	275.349
577.584	275.37
577.556	275.398
577.534	275.419
577.504	275.447
577.472	275.474
577.448	275.495
577.414	275.522
577.38	275.549
577.353	275.569
577.318	275.595
577.281	275.62
577.253	275.639
577.214	275.666
577.185	275.685
577.146	275.711
577.107	275.736
577.077	275.755
577.037	275.78
576.996	275.804
576.965	275.822
576.922	275.848
576.879	275.873
576.846	275.891
576.801	275.916
576.767	275.934
576.721	275.958
576.674	275.982
576.64	276
576.594	276.024
576.549	276.047
576.514	276.065
576.466	276.089
576.419	276.112
576.383	276.129
576.336	276.152
576.3	276.169
576.251	276.191
576.203	276.212
576.166	276.229
576.116	276.251
576.067	276.275
576.029	276.293
575.977	276.319
575.926	276.344
575.887	276.361
575.835	276.381
575.798	276.398
575.755	276.423
575.713	276.449
575.677	276.468
575.62	276.493
575.562	276.517
575.521	276.536
575.47	276.561
575.418	276.586
575.377	276.603
575.321	276.624
575.278	276.641
575.218	276.665
575.156	276.691
575.113	276.709
575.059	276.734
575.006	276.758
574.964	276.776
574.907	276.801
574.85	276.825
574.807	276.844
574.751	276.869
574.709	276.887
574.655	276.911
574.603	276.934
574.562	276.952
574.507	276.975
574.452	276.999
574.41	277.017
574.355	277.042
574.3	277.066
574.258	277.084
574.203	277.108
574.161	277.126
574.106	277.15
574.051	277.173
574.011	277.19
573.958	277.211
573.906	277.233
573.867	277.249
573.815	277.269
573.764	277.29
573.727	277.306
573.679	277.326
573.643	277.341
573.595	277.36
573.548	277.377
573.512	277.39
573.465	277.406
573.419	277.422
573.388	277.434
573.35	277.451
573.313	277.468
573.285	277.48
573.249	277.495
573.222	277.507
573.187	277.523
573.152	277.538
573.127	277.55
573.094	277.565
573.06	277.579
573.035	277.588
572.999	277.6
572.965	277.61
572.941	277.617
572.91	277.626
572.887	277.633
572.858	277.644
572.83	277.655
572.809	277.663
572.781	277.674
572.753	277.684
572.732	277.692
572.702	277.702
572.673	277.712
572.652	277.72
572.623	277.732
572.602	277.741
572.574	277.752
572.545	277.763
572.524	277.772
572.494	277.784
572.464	277.796
572.441	277.805
572.411	277.816
572.38	277.828
572.357	277.837
572.326	277.85
572.303	277.86
572.272	277.873
572.24	277.887
572.216	277.897
572.181	277.911
572.146	277.925
572.119	277.936
572.083	277.952
572.047	277.967
572.02	277.979
571.982	277.995
571.954	278.007
571.915	278.023
571.875	278.04
571.845	278.052
571.805	278.069
571.765	278.087
571.735	278.1
571.695	278.118
571.654	278.136
571.623	278.149
571.582	278.167
571.55	278.181
571.507	278.199
571.464	278.218
571.431	278.232
571.387	278.251
571.343	278.27
571.309	278.284
571.263	278.303
571.217	278.322
571.183	278.336
571.137	278.355
571.102	278.37
571.055	278.389
571.007	278.409
570.971	278.424
570.923	278.444
570.874	278.464
570.837	278.479
570.787	278.499
570.737	278.519
570.699	278.534
570.648	278.555
570.61	278.57
570.559	278.59
570.507	278.611
570.468	278.626
570.416	278.647
570.364	278.668
570.325	278.684
570.272	278.705
570.219	278.726
570.179	278.742
570.125	278.763
570.085	278.779
570.031	278.801
569.977	278.822
569.936	278.838
569.882	278.86
569.828	278.882
569.787	278.898
569.733	278.919
569.678	278.941
569.637	278.958
569.581	278.98
569.539	278.997
569.483	279.019
569.427	279.042
569.385	279.059
569.329	279.081
569.272	279.104
569.23	279.121
569.174	279.144
569.117	279.167
569.074	279.184
569.016	279.207
568.973	279.225
568.915	279.249
568.857	279.272
568.813	279.29
568.755	279.313
568.697	279.336
568.653	279.354
568.594	279.378
568.535	279.402
568.491	279.42
568.432	279.443
568.388	279.461
568.329	279.485
568.27	279.509
568.225	279.527
568.165	279.551
568.106	279.575
568.061	279.593
568.002	279.617
567.943	279.641
567.899	279.659
567.839	279.683
567.795	279.701
567.735	279.725
567.676	279.749
567.631	279.767
567.572	279.791
567.513	279.816
567.468	279.834
567.409	279.858
567.35	279.882
567.306	279.9
567.246	279.924
567.202	279.942
567.142	279.966
567.083	279.991
567.038	280.009
566.979	280.032
566.92	280.055
566.875	280.073
566.816	280.097
566.757	280.121
566.712	280.139
566.653	280.162
566.608	280.18
566.548	280.204
566.489	280.228
566.444	280.246
566.385	280.27
566.326	280.294
566.281	280.312
566.222	280.336
566.163	280.36
566.118	280.378
566.059	280.403
566.014	280.421
565.955	280.446
565.897	280.471
565.853	280.489
565.794	280.514
565.735	280.538
565.69	280.556
565.631	280.581
565.572	280.606
565.528	280.625
565.469	280.65
565.425	280.669
565.366	280.694
565.307	280.719
565.263	280.737
565.204	280.762
565.145	280.786
565.1	280.804
565.041	280.829
564.982	280.853
564.938	280.871
564.878	280.896
564.834	280.915
564.775	280.94
564.717	280.966
564.672	280.984
564.612	281.009
564.553	281.033
564.509	281.051
564.45	281.076
564.392	281.101
564.348	281.119
564.288	281.143
564.246	281.16
564.195	281.179
564.146	281.197
564.107	281.213
564.052	281.24
563.995	281.267
563.95	281.286
563.887	281.31
563.826	281.334
563.784	281.353
563.732	281.379
563.691	281.398
563.633	281.422
563.573	281.444
563.53	281.462
563.472	281.486
563.415	281.509
563.373	281.527
563.316	281.549
563.26	281.572
563.22	281.589
563.168	281.612
563.128	281.629
563.073	281.651
563.019	281.672
562.979	281.688
562.927	281.709
562.877	281.729
562.838	281.744
562.787	281.764
562.737	281.783
562.7	281.797
562.652	281.817
562.616	281.831
562.57	281.85
562.525	281.869
562.49	281.882
562.442	281.898
562.394	281.914
562.359	281.927
562.316	281.945
562.273	281.963
562.242	281.974
562.201	281.987
562.171	281.998
562.132	282.016
562.094	282.035
562.065	282.048
562.026	282.064
561.986	282.079
561.957	282.091
561.918	282.109
561.879	282.126
561.849	282.14
561.81	282.158
561.78	282.17
561.74	282.183
561.7	282.195
561.672	282.204
561.64	282.217
561.608	282.23
561.58	282.242
561.539	282.26
561.498	282.278
561.47	282.291
561.434	282.308
561.407	282.321
561.371	282.34
561.334	282.36
561.305	282.372
561.263	282.383
561.22	282.393
561.187	282.403
561.141	282.418
561.096	282.434
561.064	282.447
561.021	282.467
560.989	282.481
560.945	282.499
560.899	282.518
560.866	282.532
560.821	282.552
560.776	282.573
560.742	282.588
560.696	282.61
560.649	282.63
560.612	282.643
560.561	282.66
560.523	282.673
560.473	282.691
560.425	282.71
560.391	282.725
560.35	282.749
560.309	282.773
560.275	282.791
560.227	282.816
560.177	282.839
560.138	282.855
560.083	282.874
560.042	282.889
559.988	282.911
559.933	282.934
559.892	282.949
559.838	282.964
559.784	282.98
559.742	282.995
559.684	283.018
559.627	283.042
559.586	283.06
559.532	283.085
559.491	283.104
559.434	283.129
559.377	283.154
559.335	283.174
559.281	283.201
559.227	283.229
559.188	283.247
559.137	283.268
559.085	283.29
559.045	283.308
558.991	283.334
558.951	283.354
558.898	283.381
558.844	283.408
558.802	283.428
558.744	283.454
558.685	283.479
558.64	283.496
558.579	283.517
558.519	283.539
558.476	283.559
558.42	283.588
558.378	283.61
558.323	283.638
558.268	283.667
558.226	283.688
558.171	283.717
558.115	283.745
558.073	283.765
558.018	283.788
557.963	283.813
557.923	283.834
557.87	283.863
557.829	283.885
557.772	283.914
557.714	283.942
557.672	283.964
557.616	283.994
557.562	284.024
557.523	284.045
557.474	284.073
557.423	284.102
557.383	284.124
557.329	284.154
557.288	284.177
557.235	284.209
557.182	284.243
557.142	284.269
557.089	284.305
557.035	284.341
556.992	284.367
556.93	284.398
556.869	284.431
556.826	284.458
556.77	284.495
556.729	284.523
556.676	284.558
556.623	284.593
556.582	284.618
556.525	284.65
556.467	284.682
556.425	284.709
556.371	284.746
556.317	284.783
556.277	284.811
556.223	284.849
556.183	284.876
556.129	284.909
556.074	284.941
556.035	284.967
555.985	285.006
555.936	285.046
555.899	285.075
555.849	285.111
555.797	285.147
555.756	285.175
555.699	285.211
555.658	285.239
555.605	285.277
555.554	285.314
555.519	285.341
555.479	285.374
555.439	285.407
555.405	285.434
555.355	285.47
555.304	285.506
555.264	285.531
555.21	285.565
555.17	285.591
555.119	285.63
555.069	285.67
555.031	285.699
554.981	285.736
554.93	285.773
554.891	285.8
554.839	285.836
554.789	285.873
554.753	285.901
554.707	285.939
554.672	285.967
554.622	286.005
554.571	286.043
554.535	286.072
554.492	286.111
554.449	286.151
554.416	286.182
554.371	286.224
554.32	286.257
554.27	286.266
554.197	286.269
554.149	286.281
554.105	286.323
554.071	286.378
554.042	286.414
553.998	286.458
553.953	286.5
553.92	286.532
553.875	286.575
553.83	286.616
553.797	286.646
553.752	286.686
553.719	286.715
553.674	286.753
553.628	286.791
553.595	286.818
553.554	286.854
553.512	286.889
553.477	286.915
553.428	286.95
553.378	286.985
553.342	287.013
553.295	287.05
553.26	287.077
553.214	287.11
553.169	287.141
553.135	287.167
553.089	287.203
553.043	287.24
553.009	287.268
552.964	287.305
552.919	287.343
552.885	287.371
552.841	287.409
552.807	287.438
552.762	287.476
552.717	287.514
552.683	287.542
552.638	287.58
552.593	287.618
552.559	287.647
552.514	287.686
552.468	287.725
552.434	287.753
552.388	287.791
552.354	287.819
552.308	287.857
552.262	287.895
552.228	287.923
552.182	287.961
552.136	287.999
552.102	288.026
552.057	288.063
552.012	288.1
551.98	288.129
551.937	288.168
551.905	288.198
551.86	288.24
551.816	288.282
551.784	288.312
551.746	288.35
551.706	288.386
551.671	288.412
551.618	288.445
551.567	288.478
551.532	288.505
551.489	288.542
551.457	288.571
551.415	288.611
551.374	288.653
551.344	288.684
551.305	288.727
551.266	288.767
551.233	288.795
551.185	288.829
551.138	288.864
551.104	288.892
551.059	288.931
551.025	288.96
550.981	288.996
550.937	289.031
550.904	289.059
550.858	289.099
550.812	289.139
550.779	289.165
550.735	289.198
550.691	289.231
550.656	289.258
550.609	289.296
550.573	289.324
550.526	289.361
550.48	289.399
550.444	289.428
550.394	289.466
550.345	289.505
550.31	289.533
550.266	289.57
550.221	289.607
550.185	289.635
550.136	289.674
550.1	289.702
550.053	289.739
550.006	289.776
549.972	289.803
549.927	289.841
549.882	289.879
549.848	289.907
549.802	289.944
549.756	289.981
549.721	290.01
549.674	290.049
549.64	290.078
549.598	290.116
549.558	290.153
549.526	290.18
549.484	290.216
549.44	290.252
549.403	290.28
549.351	290.32
549.298	290.357
549.256	290.38
549.2	290.407
549.161	290.431
549.119	290.472
549.082	290.517
549.051	290.549
549.006	290.59
548.96	290.63
548.924	290.661
548.877	290.702
548.829	290.743
548.794	290.773
548.747	290.812
548.711	290.842
548.663	290.883
548.614	290.925
548.577	290.955
548.526	290.995
548.476	291.034
548.439	291.064
548.389	291.102
548.342	291.142
548.31	291.173
548.27	291.215
548.239	291.245
548.194	291.282
548.147	291.317
548.111	291.346
548.063	291.39
548.015	291.432
547.978	291.459
547.929	291.49
547.879	291.523
547.842	291.552
547.791	291.595
547.753	291.627
547.699	291.669
547.644	291.712
547.607	291.742
547.563	291.779
547.521	291.817
547.488	291.847
547.443	291.89
547.396	291.932
547.359	291.962
547.309	292.002
547.272	292.033
547.225	292.075
547.179	292.118
547.144	292.15
547.096	292.193
547.049	292.237
547.014	292.268
546.968	292.308
546.923	292.347
546.89	292.374
546.848	292.407
546.816	292.432
546.775	292.464
546.734	292.496
546.702	292.523
546.658	292.564
546.611	292.607
546.571	292.637
546.513	292.678
546.456	292.718
546.415	292.749
546.361	292.79
546.323	292.821
546.277	292.862
546.232	292.903
546.197	292.933
546.147	292.973
546.097	293.013
546.062	293.043
546.017	293.082
545.973	293.122
545.939	293.152
545.894	293.193
545.86	293.224
545.815	293.268
545.77	293.314
545.735	293.347
545.687	293.389
545.638	293.43
545.602	293.461
545.554	293.503
545.505	293.544
545.468	293.574
545.418	293.613
545.381	293.642
545.331	293.681
545.28	293.72
545.242	293.75
545.191	293.788
545.141	293.828
545.106	293.859
545.063	293.902
545.018	293.945
544.981	293.975
544.93	294.015
544.892	294.044
544.843	294.082
544.794	294.12
544.756	294.149
544.706	294.19
544.656	294.23
544.618	294.258
544.567	294.292
544.519	294.327
544.486	294.356
544.445	294.395
544.412	294.426
544.364	294.469
544.314	294.512
544.278	294.543
544.234	294.58
544.191	294.616
544.159	294.643
544.117	294.677
544.074	294.711
544.039	294.737
543.99	294.773
543.954	294.8
543.909	294.836
543.864	294.873
543.831	294.9
543.786	294.937
543.742	294.974
543.709	295.001
543.665	295.035
543.621	295.07
543.588	295.096
543.545	295.13
543.513	295.157
543.474	295.194
543.436	295.232
543.406	295.26
543.362	295.297
543.317	295.333
543.284	295.357
543.239	295.387
543.195	295.418
543.162	295.443
543.119	295.479
543.088	295.505
543.05	295.539
543.014	295.574
542.987	295.6
542.952	295.635
542.916	295.67
542.888	295.694
542.848	295.726
542.81	295.757
542.784	295.781
542.751	295.813
542.726	295.836
542.69	295.866
542.654	295.896
542.625	295.92
542.585	295.954
542.547	295.988
542.522	296.011
542.495	296.04
542.467	296.066
542.442	296.083
542.407	296.104
542.38	296.12
542.343	296.143
542.306	296.168
542.278	296.191
542.241	296.23
542.204	296.269
542.177	296.294
542.14	296.325
542.108	296.355
542.09	296.38
542.069	296.415
542.051	296.44
542.019	296.47
541.982	296.498
541.953	296.519
541.913	296.549
541.872	296.579
541.842	296.602
541.804	296.633
541.765	296.665
541.734	296.69
541.692	296.723
541.66	296.748
541.618	296.781
541.575	296.815
541.543	296.839
541.501	296.871
541.459	296.902
541.428	296.925
541.387	296.954
541.347	296.984
541.317	297.008
541.279	297.04
541.25	297.066
541.214	297.104
541.178	297.141
541.148	297.163
541.102	297.181
541.057	297.199
541.028	297.22
540.994	297.255
540.961	297.292
540.934	297.318
540.898	297.352
540.872	297.378
540.84	297.412
540.808	297.445
540.784	297.469
540.75	297.498
540.717	297.526
540.693	297.55
540.664	297.582
540.635	297.616
540.614	297.643
540.588	297.68
540.568	297.706
540.543	297.735
540.518	297.763
540.5	297.788
540.476	297.826
540.452	297.865
540.434	297.894
540.411	297.93
540.389	297.967
540.373	297.995
540.353	298.032
540.338	298.06
540.319	298.097
540.301	298.134
540.289	298.163
540.277	298.203
540.266	298.243
540.257	298.272
540.245	298.31
540.232	298.349
540.221	298.379
540.207	298.419
540.197	298.449
540.187	298.49
540.18	298.531
540.176	298.562
540.173	298.605
540.172	298.647
540.172	298.679
540.174	298.72
540.178	298.761
540.184	298.792
540.194	298.832
540.2	298.863
540.204	298.905
540.207	298.947
540.214	298.978
540.231	299.017
540.251	299.055
540.266	299.085
540.287	299.126
540.309	299.166
540.328	299.194
540.354	299.229
540.374	299.257
540.399	299.296
540.423	299.337
540.441	299.367
540.467	299.407
540.491	299.448
540.507	299.478
540.526	299.519
540.545	299.56
540.56	299.59
540.58	299.631
540.596	299.661
540.618	299.702
540.64	299.743
540.658	299.774
540.683	299.817
540.708	299.859
540.726	299.891
540.751	299.934
540.776	299.976
540.794	300.008
540.818	300.051
540.836	300.083
540.859	300.125
540.882	300.168
540.901	300.201
540.929	300.249
540.959	300.297
540.98	300.332
541.006	300.376
541.033	300.421
541.055	300.457
541.086	300.506
541.108	300.542
541.135	300.59
541.161	300.637
541.181	300.673
541.208	300.72
541.235	300.766
541.255	300.801
541.279	300.847
541.305	300.893
541.327	300.928
541.359	300.976
541.383	301.012
541.413	301.06
541.444	301.108
541.467	301.144
541.498	301.192
541.53	301.239
541.554	301.275
541.587	301.322
541.619	301.369
541.644	301.404
541.677	301.449
541.7	301.483
541.725	301.528
541.747	301.573
541.764	301.606
541.784	301.649
541.807	301.693
541.829	301.729
541.864	301.778
541.899	301.829
541.923	301.868
541.953	301.921
541.974	301.96
541.999	302.012
542.023	302.063
542.043	302.102
542.071	302.153
542.099	302.203
542.116	302.241
542.136	302.292
542.158	302.343
542.18	302.38
542.213	302.429
542.238	302.466
542.269	302.517
542.3	302.57
542.323	302.609
542.353	302.662
542.383	302.715
542.405	302.753
542.434	302.803
542.464	302.852
542.487	302.889
542.519	302.937
542.541	302.974
542.568	303.024
542.594	303.074
542.615	303.11
542.644	303.157
542.673	303.204
542.694	303.241
542.723	303.29
542.753	303.341
542.776	303.379
542.807	303.431
542.83	303.469
542.861	303.52
542.892	303.571
542.915	303.611
542.944	303.667
542.974	303.723
542.996	303.762
543.025	303.81
543.054	303.858
543.077	303.894
543.107	303.94
543.129	303.975
543.156	304.021
543.183	304.067
543.203	304.1
543.229	304.14
543.255	304.18
543.274	304.211
543.298	304.253
543.323	304.296
543.343	304.328
543.37	304.372
543.39	304.405
543.415	304.45
543.439	304.494
543.457	304.527
543.481	304.568
543.505	304.609
543.524	304.64
543.551	304.682
543.577	304.725
543.596	304.758
543.62	304.802
543.64	304.835
543.669	304.879
543.7	304.924
543.721	304.956
543.746	304.996
543.77	305.037
543.788	305.068
543.811	305.11
543.835	305.153
543.855	305.186
543.882	305.23
543.902	305.263
543.925	305.306
543.947	305.348
543.965	305.38
543.991	305.423
544.017	305.467
544.038	305.499
544.067	305.542
544.096	305.585
544.118	305.618
544.148	305.664
544.169	305.698
544.196	305.744
544.222	305.789
544.242	305.823
544.269	305.868
544.295	305.912
544.315	305.944
544.34	305.983
544.364	306.023
544.382	306.053
544.406	306.094
544.424	306.125
544.447	306.166
544.47	306.208
544.488	306.239
544.512	306.281
544.537	306.323
544.555	306.353
544.581	306.393
544.605	306.432
544.622	306.461
544.645	306.499
544.662	306.527
544.686	306.564
544.712	306.6
544.733	306.626
544.763	306.659
544.795	306.692
544.82	306.716
544.854	306.747
544.888	306.778
544.911	306.8
544.941	306.83
544.964	306.852
544.995	306.882
545.027	306.913
545.052	306.934
545.087	306.96
545.123	306.986
545.15	307.005
545.188	307.029
545.227	307.053
545.257	307.071
545.297	307.094
545.327	307.111
545.368	307.132
545.408	307.152
545.439	307.166
545.481	307.183
545.523	307.2
545.554	307.212
545.596	307.227
545.639	307.241
545.671	307.251
545.715	307.264
545.748	307.273
545.793	307.285
545.838	307.296
545.873	307.304
545.92	307.313
545.967	307.322
546.003	307.328
546.051	307.336
546.1	307.343
546.137	307.348
546.187	307.354
546.225	307.358
546.276	307.362
546.328	307.365
546.367	307.368
546.42	307.37
546.474	307.373
546.513	307.374
546.565	307.375
546.618	307.374
546.659	307.371
546.715	307.366
546.757	307.363
546.811	307.36
546.866	307.357
546.907	307.354
546.962	307.349
547.018	307.344
547.06	307.34
547.116	307.335
547.173	307.329
547.216	307.324
547.273	307.316
547.316	307.31
547.373	307.3
547.431	307.29
547.473	307.281
547.529	307.269
547.585	307.256
547.627	307.246
547.682	307.232
547.738	307.217
547.781	307.205
547.839	307.188
547.882	307.175
547.94	307.157
547.997	307.138
548.039	307.124
548.094	307.106
548.149	307.086
548.191	307.071
548.246	307.049
548.301	307.026
548.342	307.008
548.397	306.983
548.438	306.964
548.492	306.939
548.546	306.913
548.586	306.893
548.64	306.866
548.694	306.839
548.735	306.818
548.79	306.789
548.844	306.76
548.885	306.738
548.939	306.708
548.98	306.685
549.035	306.655
549.091	306.624
549.133	306.601
549.188	306.57
549.243	306.539
549.285	306.515
549.34	306.484
549.395	306.452
549.436	306.428
549.492	306.396
549.533	306.372
549.589	306.34
549.644	306.307
549.686	306.283
549.741	306.251
549.797	306.219
549.839	306.195
549.894	306.162
549.95	306.13
549.991	306.106
550.047	306.074
550.088	306.05
550.144	306.018
550.199	305.985
550.241	305.961
550.296	305.928
550.35	305.896
550.392	305.872
550.447	305.839
550.502	305.807
550.544	305.783
550.601	305.752
550.643	305.728
550.697	305.695
550.75	305.662
550.79	305.638
550.845	305.605
550.899	305.572
550.941	305.548
550.999	305.517
551.055	305.485
551.095	305.46
551.148	305.427
551.188	305.402
551.243	305.369
551.298	305.337
551.34	305.313
551.393	305.281
551.447	305.248
551.488	305.224
551.544	305.191
551.599	305.159
551.641	305.135
551.696	305.102
551.738	305.078
551.794	305.046
551.85	305.014
551.892	304.99
551.949	304.959
552.006	304.928
552.048	304.904
552.103	304.872
552.158	304.839
552.2	304.815
552.256	304.782
552.298	304.758
552.355	304.726
552.413	304.693
552.455	304.669
552.511	304.636
552.567	304.604
552.609	304.58
552.665	304.548
552.721	304.516
552.763	304.492
552.818	304.459
552.86	304.434
552.915	304.401
552.97	304.368
553.012	304.344
553.067	304.311
553.123	304.279
553.165	304.255
553.222	304.223
553.28	304.191
553.324	304.168
553.382	304.137
553.425	304.114
553.481	304.082
553.536	304.049
553.578	304.025
553.634	303.992
553.689	303.96
553.731	303.936
553.786	303.904
553.842	303.872
553.884	303.848
553.94	303.815
553.982	303.791
554.038	303.759
554.093	303.726
554.135	303.702
554.19	303.67
554.246	303.638
554.288	303.614
554.343	303.581
554.399	303.549
554.441	303.525
554.497	303.492
554.539	303.468
554.595	303.436
554.651	303.404
554.693	303.38
554.75	303.349
554.806	303.318
554.848	303.294
554.904	303.263
554.96	303.231
555.002	303.207
555.058	303.175
555.1	303.151
555.156	303.119
555.211	303.088
555.253	303.064
555.309	303.032
555.365	303
555.407	302.976
555.463	302.945
555.519	302.914
555.561	302.89
555.616	302.859
555.658	302.835
555.714	302.803
555.769	302.771
555.811	302.747
555.866	302.715
555.921	302.683
555.962	302.659
556.017	302.626
556.072	302.594
556.113	302.57
556.169	302.539
556.21	302.516
556.265	302.484
556.321	302.452
556.362	302.428
556.416	302.396
556.47	302.364
556.511	302.34
556.566	302.307
556.62	302.275
556.661	302.251
556.715	302.219
556.756	302.195
556.811	302.164
556.866	302.133
556.907	302.11
556.961	302.079
557.015	302.048
557.055	302.024
557.109	301.993
557.163	301.961
557.203	301.937
557.257	301.906
557.297	301.882
557.351	301.85
557.404	301.818
557.444	301.794
557.498	301.763
557.552	301.733
557.592	301.71
557.644	301.679
557.697	301.648
557.736	301.625
557.789	301.593
557.828	301.57
557.88	301.539
557.932	301.509
557.971	301.486
558.023	301.456
558.074	301.426
558.113	301.403
558.164	301.373
558.215	301.343
558.253	301.321
558.304	301.292
558.342	301.27
558.392	301.241
558.442	301.212
558.479	301.191
558.527	301.163
558.574	301.135
558.609	301.114
558.655	301.088
558.7	301.062
558.733	301.043
558.776	301.018
558.808	301
558.849	300.976
558.888	300.953
558.918	300.936
558.956	300.915
558.994	300.894
559.021	300.879
559.057	300.858
559.092	300.838
559.118	300.823
559.151	300.804
559.176	300.79
559.209	300.772
559.241	300.754
559.265	300.741
559.294	300.723
559.322	300.705
559.343	300.691
559.371	300.672
559.401	300.653
559.425	300.64
559.459	300.624
559.485	300.611
559.519	300.593
559.554	300.576
559.579	300.563
559.612	300.546
559.644	300.529
559.667	300.517
559.697	300.5
559.727	300.483
559.75	300.471
559.78	300.454
559.803	300.442
559.834	300.425
559.865	300.409
559.888	300.396
559.918	300.377
559.949	300.359
559.973	300.345
560.006	300.326
560.04	300.307
560.066	300.292
560.101	300.272
560.128	300.257
560.163	300.237
560.198	300.217
560.225	300.202
560.262	300.182
560.3	300.161
560.328	300.146
560.365	300.125
560.402	300.104
560.43	300.088
560.467	300.067
560.496	300.051
560.535	300.029
560.575	300.007
560.605	299.99
560.646	299.968
560.685	299.945
560.713	299.927
560.748	299.901
560.784	299.876
560.815	299.859
560.859	299.837
560.892	299.82
560.935	299.797
560.978	299.773
561.01	299.755
561.053	299.732
561.097	299.708
561.13	299.69
561.173	299.665
561.216	299.64
561.249	299.622
561.293	299.597
561.324	299.579
561.362	299.555
561.398	299.53
561.429	299.512
561.473	299.486
561.52	299.46
561.556	299.44
561.607	299.414
561.658	299.387
561.695	299.367
561.744	299.34
561.78	299.32
561.828	299.293
561.877	299.265
561.913	299.244
561.962	299.216
562.011	299.189
562.048	299.169
562.097	299.142
562.147	299.116
562.184	299.096
562.234	299.069
562.272	299.048
562.322	299.02
562.373	298.992
562.411	298.971
562.461	298.942
562.512	298.913
562.551	298.892
562.602	298.863
562.653	298.834
562.692	298.813
562.744	298.785
562.783	298.764
562.837	298.736
562.892	298.708
562.932	298.687
562.984	298.657
563.036	298.627
563.075	298.605
563.127	298.575
563.18	298.545
563.219	298.522
563.272	298.492
563.312	298.469
563.366	298.439
563.42	298.408
563.461	298.385
563.514	298.355
563.568	298.325
563.609	298.302
563.664	298.27
563.718	298.239
563.759	298.216
563.813	298.184
563.854	298.161
563.909	298.13
563.964	298.099
564.005	298.075
564.059	298.044
564.114	298.013
564.156	297.989
564.211	297.958
564.266	297.927
564.307	297.903
564.363	297.872
564.404	297.848
564.46	297.816
564.515	297.784
564.557	297.76
564.61	297.727
564.664	297.695
564.706	297.671
564.762	297.64
564.819	297.609
564.861	297.585
564.918	297.554
564.96	297.53
565.016	297.498
565.071	297.466
565.113	297.442
565.17	297.41
565.227	297.377
565.27	297.353
565.327	297.321
565.384	297.289
565.427	297.265
565.483	297.233
565.526	297.209
565.583	297.177
565.64	297.144
565.683	297.12
565.74	297.087
565.798	297.054
565.841	297.029
565.898	296.996
565.956	296.963
565.999	296.938
566.057	296.905
566.1	296.881
566.158	296.849
566.216	296.817
566.259	296.793
566.317	296.76
566.375	296.727
566.418	296.702
566.475	296.669
566.533	296.635
566.576	296.61
566.633	296.578
566.676	296.553
566.733	296.52
566.791	296.487
566.833	296.463
566.89	296.431
566.946	296.4
566.988	296.376
567.043	296.345
567.098	296.314
567.139	296.291
567.192	296.26
567.232	296.237
567.285	296.206
567.338	296.176
567.377	296.154
567.428	296.124
567.479	296.094
567.518	296.073
567.571	296.044
567.623	296.016
567.66	295.995
567.708	295.966
567.744	295.945
567.793	295.917
567.842	295.889
567.878	295.868
567.928	295.84
567.977	295.811
568.013	295.789
568.059	295.76
568.106	295.731
568.142	295.711
568.191	295.686
568.227	295.667
568.275	295.642
568.322	295.616
568.358	295.596
568.405	295.57
568.451	295.543
568.487	295.522
568.534	295.495
568.582	295.468
568.617	295.447
568.664	295.42
568.7	295.399
568.748	295.371
568.797	295.344
568.834	295.323
568.884	295.295
568.933	295.267
568.972	295.246
569.024	295.218
569.075	295.189
569.113	295.167
569.162	295.138
569.199	295.116
569.249	295.086
569.3	295.057
569.338	295.035
569.389	295.005
569.441	294.976
569.48	294.954
569.532	294.925
569.585	294.895
569.625	294.872
569.677	294.842
569.717	294.819
569.77	294.788
569.823	294.757
569.863	294.734
569.917	294.703
569.971	294.672
570.011	294.648
570.065	294.617
570.12	294.586
570.162	294.563
570.219	294.532
570.261	294.509
570.315	294.477
570.369	294.443
570.411	294.419
570.468	294.387
570.525	294.354
570.567	294.33
570.624	294.296
570.68	294.263
570.722	294.238
570.779	294.205
570.822	294.18
570.88	294.146
570.938	294.112
570.981	294.086
571.039	294.052
571.097	294.018
571.14	293.992
571.199	293.957
571.258	293.922
571.302	293.896
571.362	293.86
571.406	293.834
571.465	293.799
571.524	293.764
571.569	293.738
571.629	293.703
571.688	293.668
571.733	293.642
571.791	293.607
571.85	293.572
571.894	293.546
571.953	293.511
571.997	293.485
572.055	293.451
572.112	293.417
572.155	293.392
572.212	293.358
572.268	293.324
572.31	293.3
572.366	293.267
572.422	293.235
572.463	293.211
572.517	293.179
572.558	293.156
572.612	293.125
572.665	293.096
572.705	293.074
572.76	293.046
572.813	293.018
572.851	292.997
572.898	292.968
572.942	292.939
572.972	292.916
573.01	292.885
573.04	292.863
573.087	292.837
573.136	292.812
573.172	292.794
573.219	292.77
573.265	292.746
573.3	292.728
573.345	292.703
573.39	292.679
573.424	292.661
573.469	292.638
573.502	292.621
573.545	292.598
573.588	292.574
573.62	292.556
573.662	292.532
573.704	292.508
573.736	292.49
573.779	292.465
573.822	292.441
573.854	292.423
573.896	292.398
573.928	292.38
573.971	292.356
574.014	292.331
574.047	292.313
574.09	292.289
574.133	292.265
574.166	292.247
574.21	292.223
574.255	292.198
574.289	292.179
574.334	292.152
574.369	292.132
574.416	292.105
574.464	292.077
574.5	292.056
574.548	292.028
574.597	292
574.633	291.979
574.682	291.949
574.732	291.92
574.77	291.898
574.821	291.868
574.86	291.846
574.912	291.816
574.964	291.786
575.003	291.763
575.057	291.733
575.111	291.702
575.151	291.679
575.206	291.649
575.26	291.618
575.301	291.594
575.355	291.562
575.396	291.538
575.451	291.506
575.507	291.473
575.549	291.449
575.605	291.416
575.661	291.382
575.703	291.357
575.759	291.324
575.816	291.291
575.859	291.266
575.918	291.234
575.961	291.209
576.018	291.176
576.075	291.142
576.118	291.117
576.177	291.083
576.235	291.049
576.279	291.023
576.338	290.988
576.396	290.953
576.44	290.926
576.499	290.891
576.543	290.864
576.602	290.829
576.662	290.795
576.707	290.768
576.766	290.733
576.826	290.697
576.871	290.67
576.932	290.635
576.993	290.599
577.038	290.572
577.099	290.536
577.144	290.509
577.204	290.473
577.264	290.437
577.31	290.41
577.373	290.375
577.435	290.34
577.482	290.313
577.543	290.277
577.604	290.24
577.65	290.213
577.71	290.176
577.756	290.149
577.817	290.113
577.879	290.076
577.925	290.049
577.987	290.013
578.049	289.976
578.096	289.949
578.158	289.912
578.22	289.876
578.267	289.848
578.33	289.812
578.377	289.784
578.44	289.748
578.503	289.711
578.55	289.684
578.613	289.647
578.676	289.611
578.724	289.584
578.787	289.547
578.851	289.511
578.899	289.484
578.962	289.447
579.01	289.42
579.073	289.384
579.136	289.347
579.184	289.32
579.247	289.284
579.311	289.248
579.359	289.221
579.422	289.184
579.486	289.148
579.534	289.121
579.597	289.084
579.645	289.057
579.708	289.021
579.771	288.986
579.819	288.959
579.882	288.923
579.946	288.887
579.994	288.86
580.058	288.824
580.122	288.788
580.17	288.761
580.234	288.725
580.282	288.698
580.345	288.662
580.408	288.627
580.456	288.6
580.52	288.565
580.583	288.53
580.631	288.504
580.694	288.469
580.757	288.434
580.804	288.408
580.866	288.372
580.912	288.346
580.973	288.311
581.034	288.276
581.08	288.249
581.141	288.214
581.202	288.179
581.247	288.153
581.308	288.119
581.369	288.085
581.415	288.059
581.476	288.025
581.521	288
581.581	287.966
581.641	287.932
581.686	287.906
581.745	287.872
581.804	287.838
581.848	287.813
581.907	287.78
581.965	287.747
582.008	287.722
582.066	287.69
582.109	287.666
582.165	287.634
582.221	287.603
582.263	287.579
582.318	287.547
582.372	287.516
582.413	287.493
582.466	287.462
582.519	287.432
582.558	287.409
582.61	287.379
582.648	287.357
582.699	287.328
582.75	287.299
582.788	287.278
582.838	287.249
582.889	287.221
582.926	287.2
582.974	287.172
583.023	287.144
583.06	287.123
583.109	287.096
583.145	287.075
583.193	287.047
583.241	287.02
583.277	286.999
583.325	286.972
583.372	286.945
583.408	286.925
583.454	286.898
583.501	286.872
583.536	286.853
583.582	286.827
583.616	286.808
583.662	286.782
583.707	286.756
583.741	286.737
583.787	286.711
583.833	286.685
583.867	286.666
583.911	286.641
583.956	286.615
583.989	286.596
584.033	286.571
584.066	286.552
584.111	286.527
584.155	286.502
584.188	286.484
584.229	286.459
584.27	286.435
584.303	286.417
584.347	286.392
584.391	286.368
584.423	286.35
584.466	286.325
584.498	286.307
584.54	286.282
584.582	286.257
584.613	286.239
584.654	286.214
584.695	286.19
584.725	286.172
584.764	286.147
584.803	286.123
584.833	286.105
584.872	286.081
584.902	286.063
584.943	286.039
584.984	286.016
585.014	285.998
585.053	285.974
585.091	285.951
585.12	285.933
585.159	285.91
585.197	285.888
585.226	285.871
585.265	285.85
585.294	285.834
585.333	285.813
585.372	285.793
585.402	285.778
585.441	285.76
585.481	285.742
585.511	285.73
585.551	285.713
585.592	285.698
585.623	285.688
585.664	285.675
585.695	285.666
585.735	285.655
585.776	285.646
585.806	285.64
585.848	285.632
585.889	285.626
585.921	285.623
585.964	285.619
586.007	285.617
586.039	285.616
586.081	285.616
586.113	285.617
586.155	285.619
586.196	285.622
586.227	285.625
586.269	285.63
586.311	285.637
586.342	285.643
586.383	285.652
586.424	285.663
586.455	285.672
586.495	285.686
586.525	285.698
586.564	285.715
586.602	285.734
586.63	285.749
586.667	285.77
586.702	285.792
586.728	285.81
586.762	285.836
586.795	285.863
586.819	285.884
586.85	285.913
586.872	285.935
586.899	285.965
586.924	285.995
586.942	286.019
586.968	286.052
586.992	286.085
587.009	286.111
587.031	286.146
587.053	286.181
587.069	286.208
587.091	286.245
587.106	286.273
587.124	286.309
587.14	286.346
587.152	286.373
587.17	286.411
587.188	286.449
587.201	286.479
587.218	286.518
587.235	286.558
587.248	286.588
587.264	286.628
587.277	286.658
587.294	286.699
587.311	286.74
587.324	286.77
587.342	286.811
587.359	286.853
587.371	286.884
587.388	286.925
587.404	286.966
587.417	286.997
587.434	287.038
587.447	287.07
587.465	287.113
587.484	287.156
587.498	287.189
587.516	287.232
587.534	287.274
587.549	287.307
587.569	287.35
587.589	287.393
587.604	287.425
587.625	287.469
587.641	287.501
587.663	287.544
587.686	287.588
587.703	287.621
587.725	287.665
587.747	287.709
587.764	287.742
587.786	287.786
587.808	287.829
587.825	287.862
587.848	287.905
587.866	287.937
587.89	287.98
587.914	288.023
587.932	288.055
587.955	288.097
587.977	288.138
587.994	288.17
588.016	288.212
588.039	288.254
588.056	288.285
588.079	288.326
588.097	288.356
588.121	288.397
588.145	288.437
588.163	288.467
588.186	288.507
588.21	288.546
588.228	288.575
588.252	288.614
588.276	288.652
588.294	288.68
588.318	288.717
588.336	288.744
588.36	288.78
588.385	288.816
588.403	288.842
588.427	288.876
588.452	288.91
588.47	288.935
588.496	288.968
588.521	289
588.54	289.023
588.566	289.054
588.585	289.076
588.61	289.105
588.636	289.132
588.656	289.153
588.685	289.179
588.714	289.204
588.735	289.222
588.761	289.247
588.789	289.27
588.814	289.287
588.848	289.308
588.872	289.323
588.897	289.343
588.919	289.363
588.939	289.377
588.968	289.394
588.998	289.41
589.021	289.421
589.052	289.435
589.083	289.447
589.106	289.455
589.138	289.465
589.161	289.472
589.192	289.48
589.223	289.487
589.247	289.491
589.279	289.494
589.312	289.497
589.336	289.498
589.368	289.499
589.4	289.5
589.424	289.5
589.456	289.499
589.48	289.497
589.513	289.494
589.546	289.49
589.57	289.487
589.603	289.481
589.637	289.475
589.662	289.469
589.697	289.46
589.731	289.45
589.756	289.442
589.789	289.431
589.815	289.422
589.851	289.411
589.889	289.399
589.916	289.39
589.951	289.376
589.985	289.362
590.012	289.351
590.049	289.336
590.086	289.32
590.113	289.308
590.149	289.292
590.175	289.279
590.209	289.262
590.242	289.245
590.269	289.232
590.308	289.215
590.348	289.198
590.378	289.185
590.419	289.168
590.461	289.15
590.493	289.137
590.536	289.12
590.569	289.107
590.612	289.089
590.655	289.071
590.687	289.057
590.73	289.039
590.774	289.02
590.807	289.006
590.852	288.987
590.897	288.968
590.931	288.953
590.975	288.933
591.009	288.918
591.054	288.898
591.098	288.879
591.131	288.864
591.174	288.843
591.218	288.822
591.252	288.807
591.299	288.786
591.347	288.765
591.384	288.749
591.433	288.729
591.47	288.713
591.518	288.692
591.567	288.671
591.603	288.655
591.652	288.634
591.702	288.612
591.739	288.596
591.788	288.575
591.838	288.553
591.875	288.537
591.926	288.515
591.963	288.499
592.012	288.478
592.062	288.457
592.1	288.441
592.151	288.418
592.203	288.395
592.242	288.38
592.295	288.36
592.348	288.339
592.387	288.322
592.44	288.298
592.478	288.28
592.528	288.255
592.577	288.23
592.615	288.212
592.668	288.188
592.721	288.165
592.76	288.147
592.813	288.123
592.864	288.099
592.902	288.08
592.951	288.054
592.988	288.035
593.036	288.01
593.084	287.984
593.118	287.964
593.162	287.937
593.206	287.909
593.239	287.888
593.284	287.861
593.329	287.833
593.362	287.812
593.406	287.785
593.44	287.765
593.487	287.739
593.536	287.713
593.574	287.694
593.627	287.669
593.68	287.645
593.719	287.627
593.77	287.602
593.82	287.576
593.858	287.556
593.909	287.529
593.946	287.509
593.994	287.484
594.041	287.459
594.079	287.44
594.13	287.413
594.182	287.387
594.22	287.367
594.271	287.341
594.32	287.314
594.355	287.293
594.401	287.264
594.435	287.243
594.482	287.216
594.529	287.189
594.564	287.169
594.611	287.142
594.658	287.116
594.694	287.096
594.741	287.071
594.788	287.046
594.823	287.027
594.871	287.002
594.906	286.983
594.954	286.959
595.001	286.934
595.037	286.916
595.084	286.89
595.13	286.865
595.165	286.847
595.212	286.823
595.258	286.799
595.292	286.781
595.338	286.756
595.372	286.737
595.417	286.712
595.462	286.687
595.496	286.669
595.541	286.645
595.586	286.62
595.619	286.602
595.664	286.577
595.708	286.552
595.741	286.534
595.784	286.51
595.816	286.492
595.859	286.468
595.902	286.445
595.935	286.427
595.977	286.403
596.02	286.378
596.053	286.36
596.098	286.336
596.142	286.312
596.175	286.294
596.218	286.271
596.251	286.253
596.295	286.229
596.34	286.204
596.374	286.186
596.421	286.162
596.467	286.137
596.502	286.119
596.547	286.093
596.593	286.068
596.628	286.049
596.676	286.024
596.712	286.005
596.76	285.979
596.808	285.952
596.844	285.932
596.894	285.905
596.944	285.878
596.981	285.858
597.029	285.831
597.078	285.805
597.114	285.785
597.162	285.758
597.198	285.738
597.248	285.711
597.299	285.685
597.337	285.664
597.387	285.636
597.437	285.608
597.475	285.587
597.525	285.559
597.575	285.531
597.612	285.51
597.662	285.482
597.699	285.461
597.749	285.434
597.799	285.407
597.836	285.387
597.887	285.361
597.937	285.335
597.974	285.315
598.023	285.288
598.072	285.262
598.109	285.242
598.158	285.216
598.194	285.196
598.242	285.169
598.289	285.141
598.324	285.12
598.369	285.091
598.415	285.062
598.449	285.041
598.493	285.012
598.537	284.983
598.569	284.96
598.61	284.927
598.64	284.902
598.679	284.867
598.716	284.83
598.743	284.803
598.778	284.768
598.812	284.733
598.836	284.706
598.866	284.669
598.894	284.632
598.914	284.603
598.94	284.565
598.958	284.535
598.982	284.495
599.004	284.454
599.019	284.423
599.036	284.381
599.051	284.339
599.062	284.308
599.074	284.266
599.084	284.224
599.091	284.192
599.099	284.149
599.105	284.117
599.113	284.074
599.121	284.03
599.126	283.997
599.132	283.953
599.138	283.909
599.142	283.876
599.146	283.831
599.151	283.785
599.155	283.751
599.16	283.704
599.164	283.669
599.168	283.621
599.172	283.573
599.175	283.537
599.179	283.49
599.184	283.442
599.188	283.406
599.194	283.357
599.2	283.309
599.205	283.273
599.211	283.224
599.216	283.188
599.222	283.139
599.229	283.09
599.234	283.053
599.24	283.004
599.246	282.954
599.251	282.917
599.257	282.867
599.263	282.818
599.267	282.781
599.273	282.732
599.278	282.696
599.284	282.648
599.291	282.599
599.296	282.563
599.302	282.513
599.309	282.463
599.314	282.427
599.321	282.378
599.328	282.33
599.333	282.294
599.34	282.247
599.345	282.212
599.352	282.165
599.359	282.117
599.364	282.081
599.37	282.033
599.376	281.985
599.381	281.949
599.389	281.901
599.396	281.853
599.402	281.817
599.409	281.77
599.415	281.734
599.423	281.686
599.432	281.639
599.44	281.603
599.45	281.556
599.462	281.51
599.471	281.475
599.485	281.429
599.5	281.384
599.512	281.351
599.53	281.307
599.544	281.274
599.564	281.231
599.584	281.188
599.6	281.157
599.623	281.115
599.647	281.074
599.665	281.044
599.691	281.004
599.718	280.965
599.739	280.936
599.768	280.898
599.791	280.871
599.824	280.836
599.86	280.803
599.886	280.778
599.92	280.746
599.954	280.714
599.98	280.69
600.014	280.659
600.049	280.628
600.076	280.606
600.113	280.578
600.141	280.557
600.177	280.529
600.212	280.501
600.239	280.48
600.275	280.453
600.311	280.426
600.338	280.406
600.374	280.38
600.41	280.355
600.437	280.336
600.473	280.31
600.5	280.291
600.535	280.266
600.571	280.241
600.597	280.222
600.631	280.197
600.665	280.171
600.689	280.152
600.722	280.126
600.753	280.1
600.776	280.08
600.805	280.054
600.826	280.034
600.853	280.007
600.878	279.98
600.896	279.959
600.918	279.931
600.94	279.902
600.955	279.881
600.976	279.853
600.994	279.824
601.006	279.802
601.02	279.771
601.029	279.748
601.041	279.718
601.051	279.687
601.057	279.664
601.064	279.633
601.07	279.603
601.073	279.58
601.076	279.55
601.077	279.52
601.077	279.498
601.074	279.468
601.072	279.446
601.068	279.417
601.063	279.388
601.058	279.366
601.048	279.337
601.036	279.308
601.027	279.287
601.013	279.259
600.998	279.231
600.986	279.21
600.97	279.181
600.957	279.16
600.937	279.132
600.916	279.103
600.901	279.082
600.88	279.054
600.858	279.027
600.842	279.006
600.82	278.978
600.796	278.95
600.777	278.928
600.751	278.898
600.732	278.876
600.707	278.847
600.683	278.818
600.665	278.797
600.64	278.768
600.614	278.738
600.595	278.716
600.568	278.686
600.54	278.656
600.518	278.633
600.489	278.601
600.467	278.578
600.439	278.547
600.412	278.517
600.391	278.495
600.363	278.465
600.335	278.436
600.314	278.413
600.286	278.382
600.258	278.351
600.237	278.328
600.208	278.297
600.186	278.273
600.157	278.241
600.127	278.208
600.104	278.183
600.074	278.149
600.043	278.116
600.019	278.09
599.988	278.056
599.957	278.02
599.933	277.992
599.901	277.954
599.877	277.925
599.844	277.887
599.81	277.848
599.785	277.819
599.751	277.781
599.717	277.742
599.692	277.712
599.659	277.672
599.625	277.632
599.599	277.602
599.564	277.562
599.538	277.531
599.503	277.49
599.468	277.448
599.441	277.416
599.405	277.374
599.368	277.332
599.341	277.3
599.303	277.256
599.266	277.213
599.238	277.18
599.2	277.137
599.172	277.104
599.134	277.06
599.096	277.016
599.067	276.983
599.027	276.938
598.986	276.892
598.956	276.859
598.916	276.814
598.876	276.769
598.846	276.735
598.806	276.691
598.776	276.657
598.734	276.612
598.692	276.566
598.662	276.533
598.625	276.488
598.588	276.444
598.557	276.411
598.514	276.366
598.471	276.321
598.44	276.287
598.399	276.241
598.368	276.207
598.325	276.16
598.283	276.113
598.252	276.078
598.214	276.033
598.176	275.987
598.146	275.953
598.103	275.907
598.061	275.861
598.03	275.826
597.99	275.78
597.96	275.745
597.918	275.699
597.877	275.653
597.846	275.618
597.805	275.572
597.765	275.526
597.735	275.493
597.694	275.449
597.653	275.404
597.623	275.369
597.584	275.323
597.554	275.288
597.514	275.243
597.474	275.199
597.444	275.166
597.405	275.121
597.365	275.075
597.335	275.042
597.294	274.997
597.254	274.952
597.225	274.919
597.186	274.874
597.157	274.841
597.118	274.798
597.078	274.755
597.048	274.722
597.008	274.678
596.969	274.633
596.939	274.6
596.901	274.556
596.862	274.512
596.832	274.479
596.793	274.436
596.763	274.404
596.724	274.361
596.685	274.318
596.656	274.286
596.618	274.243
596.58	274.201
596.55	274.169
596.51	274.127
596.47	274.085
596.441	274.053
596.403	274.011
596.374	273.979
596.336	273.937
596.298	273.895
596.27	273.864
596.232	273.822
596.195	273.78
596.167	273.749
596.129	273.708
596.091	273.666
596.062	273.635
596.022	273.593
595.993	273.562
595.955	273.52
595.919	273.478
595.891	273.447
595.854	273.406
595.817	273.365
595.787	273.335
595.746	273.295
595.706	273.255
595.677	273.225
595.639	273.185
595.611	273.155
595.576	273.114
595.543	273.073
595.517	273.043
595.483	273.003
595.447	272.963
595.42	272.933
595.382	272.893
595.344	272.853
595.315	272.823
595.277	272.783
595.248	272.753
595.21	272.713
595.173	272.673
595.145	272.643
595.108	272.602
595.072	272.561
595.044	272.531
595.007	272.492
594.97	272.453
594.942	272.423
594.906	272.383
594.878	272.353
594.841	272.312
594.804	272.272
594.776	272.242
594.739	272.203
594.702	272.165
594.675	272.136
594.638	272.097
594.602	272.058
594.574	272.028
594.537	271.989
594.51	271.959
594.475	271.919
594.441	271.879
594.415	271.849
594.379	271.811
594.344	271.774
594.318	271.745
594.284	271.705
594.25	271.666
594.224	271.637
594.189	271.599
594.163	271.571
594.127	271.533
594.092	271.495
594.065	271.467
594.031	271.429
593.997	271.391
593.971	271.363
593.937	271.325
593.903	271.287
593.878	271.259
593.844	271.223
593.819	271.195
593.785	271.158
593.752	271.121
593.727	271.093
593.695	271.055
593.663	271.018
593.639	270.991
593.609	270.956
593.578	270.921
593.555	270.894
593.523	270.858
593.499	270.831
593.467	270.793
593.434	270.756
593.408	270.728
593.373	270.692
593.338	270.657
593.315	270.63
593.286	270.595
593.257	270.56
593.233	270.535
593.201	270.502
593.178	270.477
593.149	270.441
593.121	270.404
593.1	270.377
593.07	270.341
593.04	270.306
593.016	270.28
592.984	270.245
592.952	270.211
592.928	270.185
592.895	270.152
592.871	270.126
592.839	270.092
592.808	270.057
592.784	270.031
592.754	269.998
592.724	269.964
592.702	269.938
592.672	269.903
592.642	269.868
592.619	269.842
592.588	269.807
592.564	269.78
592.531	269.744
592.498	269.707
592.474	269.68
592.445	269.646
592.416	269.612
592.394	269.586
592.366	269.551
592.336	269.516
592.313	269.489
592.281	269.453
592.257	269.427
592.225	269.393
592.192	269.36
592.168	269.334
592.135	269.299
592.103	269.264
592.08	269.24
592.05	269.208
592.021	269.175
591.999	269.149
591.969	269.114
591.947	269.088
591.917	269.055
591.888	269.022
591.866	268.998
591.836	268.966
591.806	268.934
591.785	268.911
591.758	268.881
591.731	268.851
591.71	268.829
591.682	268.799
591.662	268.776
591.635	268.746
591.61	268.716
591.591	268.694
591.567	268.665
591.544	268.636
591.526	268.615
591.502	268.588
591.479	268.56
591.462	268.538
591.439	268.509
591.422	268.487
591.4	268.458
591.38	268.43
591.365	268.409
591.347	268.38
591.33	268.351
591.318	268.33
591.302	268.301
591.288	268.272
591.278	268.25
591.266	268.222
591.257	268.2
591.246	268.171
591.236	268.142
591.23	268.119
591.223	268.088
591.218	268.056
591.215	268.032
591.213	268
591.212	267.967
591.213	267.942
591.216	267.909
591.219	267.884
591.226	267.851
591.234	267.817
591.241	267.793
591.252	267.761
591.264	267.729
591.274	267.705
591.29	267.673
591.308	267.641
591.322	267.617
591.343	267.585
591.36	267.562
591.384	267.531
591.41	267.501
591.43	267.478
591.458	267.448
591.487	267.418
591.509	267.396
591.539	267.368
591.57	267.339
591.594	267.317
591.626	267.288
591.651	267.267
591.684	267.239
591.719	267.211
591.745	267.19
591.781	267.162
591.818	267.134
591.846	267.113
591.883	267.085
591.921	267.057
591.95	267.035
591.988	267.006
592.017	266.985
592.055	266.957
592.094	266.93
592.123	266.909
592.162	266.881
592.201	266.854
592.231	266.833
592.27	266.805
592.309	266.778
592.34	266.758
592.381	266.732
592.411	266.712
592.447	266.686
592.481	266.66
592.508	266.641
592.545	266.615
592.583	266.589
592.612	266.571
592.651	266.547
592.69	266.523
592.718	266.505
592.756	266.481
592.784	266.463
592.823	266.44
592.863	266.417
592.892	266.4
592.929	266.377
592.966	266.353
592.994	266.335
593.032	266.311
593.07	266.287
593.099	266.269
593.138	266.246
593.168	266.228
593.21	266.204
593.252	266.179
593.283	266.161
593.324	266.136
593.364	266.111
593.394	266.093
593.433	266.069
593.472	266.044
593.502	266.025
593.542	266
593.571	265.98
593.609	265.952
593.647	265.924
593.675	265.903
593.712	265.875
593.749	265.846
593.776	265.824
593.811	265.795
593.846	265.764
593.872	265.74
593.906	265.708
593.932	265.684
593.966	265.652
593.999	265.619
594.023	265.594
594.054	265.559
594.084	265.525
594.105	265.499
594.133	265.463
594.16	265.428
594.18	265.401
594.205	265.366
594.224	265.339
594.248	265.302
594.271	265.266
594.287	265.238
594.308	265.201
594.327	265.163
594.341	265.135
594.359	265.098
594.376	265.06
594.388	265.031
594.402	264.992
594.412	264.963
594.423	264.923
594.433	264.884
594.44	264.854
594.448	264.816
594.455	264.777
594.459	264.747
594.463	264.707
594.466	264.667
594.468	264.637
594.469	264.598
594.469	264.568
594.468	264.528
594.464	264.488
594.46	264.458
594.453	264.418
594.443	264.379
594.437	264.349
594.428	264.309
594.417	264.269
594.407	264.239
594.392	264.199
594.381	264.169
594.366	264.129
594.35	264.089
594.337	264.059
594.318	264.02
594.299	263.982
594.284	263.953
594.265	263.915
594.245	263.877
594.228	263.848
594.205	263.808
594.187	263.778
594.162	263.739
594.137	263.699
594.118	263.67
594.092	263.632
594.067	263.594
594.047	263.566
594.02	263.528
593.992	263.49
593.971	263.461
593.942	263.422
593.92	263.393
593.89	263.355
593.859	263.316
593.836	263.287
593.805	263.249
593.774	263.211
593.75	263.182
593.718	263.143
593.685	263.104
593.66	263.075
593.626	263.036
593.601	263.007
593.567	262.968
593.532	262.929
593.507	262.9
593.473	262.861
593.439	262.823
593.414	262.794
593.38	262.755
593.346	262.716
593.321	262.687
593.287	262.649
593.261	262.621
593.226	262.583
593.192	262.545
593.167	262.516
593.134	262.478
593.102	262.44
593.078	262.412
593.045	262.374
593.013	262.337
592.988	262.309
592.956	262.272
592.931	262.244
592.899	262.207
592.867	262.169
592.843	262.142
592.81	262.105
592.777	262.069
592.752	262.042
592.719	262.005
592.685	261.969
592.66	261.942
592.628	261.906
592.603	261.879
592.57	261.844
592.537	261.809
592.513	261.782
592.48	261.747
592.448	261.712
592.424	261.685
592.391	261.65
592.359	261.615
592.335	261.589
592.303	261.554
592.279	261.528
592.247	261.493
592.215	261.458
592.191	261.432
592.158	261.398
592.126	261.364
592.102	261.338
592.071	261.303
592.039	261.269
592.015	261.243
591.983	261.209
591.958	261.183
591.925	261.147
591.892	261.11
591.867	261.082
591.832	261.044
591.798	261.006
591.773	260.979
591.741	260.943
591.708	260.907
591.683	260.88
591.651	260.844
591.626	260.816
591.592	260.778
591.558	260.74
591.532	260.711
591.498	260.673
591.463	260.635
591.437	260.606
591.402	260.566
591.367	260.527
591.34	260.498
591.305	260.458
591.278	260.429
591.243	260.39
591.207	260.351
591.18	260.321
591.143	260.282
591.106	260.242
591.078	260.212
591.041	260.172
591.004	260.131
590.976	260.1
590.939	260.06
590.911	260.029
590.874	259.988
590.836	259.947
590.808	259.917
590.77	259.876
590.731	259.835
590.703	259.804
590.666	259.763
590.628	259.722
590.6	259.691
590.561	259.649
590.533	259.618
590.495	259.576
590.458	259.535
590.429	259.504
590.391	259.463
590.353	259.422
590.324	259.392
590.287	259.352
590.249	259.312
590.22	259.282
590.181	259.241
590.152	259.211
590.114	259.17
590.076	259.13
590.047	259.1
590.009	259.061
589.971	259.022
589.943	258.992
589.907	258.952
589.87	258.912
589.842	258.882
589.805	258.843
589.777	258.813
589.739	258.773
589.7	258.734
589.672	258.704
589.634	258.664
589.596	258.623
589.567	258.593
589.527	258.552
589.488	258.511
589.459	258.48
589.419	258.439
589.39	258.408
589.352	258.366
589.313	258.325
589.284	258.294
589.246	258.252
589.207	258.211
589.177	258.181
589.138	258.14
589.099	258.099
589.07	258.068
589.03	258.027
589.001	257.996
588.962	257.955
588.923	257.914
588.894	257.883
588.856	257.842
588.819	257.8
588.79	257.769
588.751	257.728
588.713	257.686
588.684	257.654
588.646	257.612
588.617	257.58
588.579	257.538
588.542	257.495
588.514	257.463
588.477	257.421
588.439	257.378
588.411	257.347
588.373	257.306
588.335	257.265
588.306	257.235
588.266	257.194
588.236	257.164
588.197	257.123
588.159	257.082
588.129	257.052
588.089	257.013
588.049	256.974
588.019	256.944
587.981	256.904
587.942	256.864
587.913	256.834
587.875	256.793
587.847	256.762
587.81	256.721
587.773	256.68
587.745	256.65
587.706	256.609
587.668	256.569
587.641	256.539
587.605	256.498
587.569	256.458
587.541	256.428
587.504	256.389
587.476	256.36
587.44	256.321
587.404	256.282
587.377	256.252
587.341	256.213
587.305	256.174
587.279	256.144
587.244	256.105
587.21	256.065
587.185	256.035
587.151	255.994
587.126	255.964
587.093	255.924
587.059	255.885
587.035	255.856
587.003	255.818
586.971	255.78
586.947	255.751
586.916	255.712
586.886	255.673
586.864	255.644
586.835	255.604
586.813	255.575
586.784	255.536
586.755	255.498
586.734	255.468
586.708	255.428
586.681	255.389
586.662	255.36
586.636	255.321
586.611	255.282
586.592	255.252
586.568	255.213
586.55	255.183
586.526	255.144
586.503	255.104
586.485	255.075
586.463	255.037
586.441	254.999
586.425	254.969
586.403	254.93
586.381	254.89
586.365	254.86
586.343	254.82
586.327	254.79
586.306	254.75
586.285	254.71
586.269	254.68
586.247	254.64
586.225	254.601
586.209	254.571
586.188	254.531
586.167	254.492
586.151	254.463
586.129	254.424
586.113	254.395
586.091	254.356
586.068	254.317
586.051	254.288
586.029	254.25
586.006	254.212
585.988	254.184
585.964	254.147
585.939	254.111
585.921	254.084
585.896	254.05
585.878	254.024
585.854	253.99
585.829	253.956
585.811	253.931
585.785	253.898
585.759	253.865
585.74	253.84
585.716	253.806
585.691	253.773
585.672	253.749
585.646	253.719
585.627	253.696
585.602	253.666
585.577	253.636
585.558	253.613
585.532	253.582
585.507	253.551
585.487	253.527
585.46	253.496
585.433	253.465
585.413	253.443
585.388	253.413
585.369	253.391
585.346	253.361
585.323	253.332
585.305	253.31
585.281	253.28
585.256	253.25
585.237	253.228
585.211	253.197
585.185	253.167
585.166	253.144
585.14	253.114
585.121	253.091
585.095	253.061
585.069	253.03
585.049	253.007
585.023	252.976
584.997	252.945
584.977	252.921
584.951	252.89
584.925	252.858
584.905	252.834
584.878	252.802
584.857	252.778
584.829	252.746
584.802	252.714
584.781	252.69
584.754	252.658
584.726	252.625
584.705	252.601
584.676	252.568
584.647	252.535
584.626	252.51
584.597	252.477
584.576	252.452
584.547	252.418
584.518	252.385
584.496	252.36
584.466	252.326
584.435	252.292
584.413	252.267
584.384	252.233
584.354	252.199
584.332	252.173
584.302	252.139
584.279	252.113
584.249	252.079
584.219	252.045
584.196	252.019
584.166	251.985
584.135	251.95
584.112	251.924
584.081	251.889
584.05	251.855
584.027	251.829
583.997	251.794
583.974	251.768
583.943	251.733
583.912	251.698
583.889	251.671
583.859	251.636
583.829	251.601
583.806	251.575
583.775	251.54
583.745	251.506
583.722	251.48
583.693	251.444
583.67	251.418
583.639	251.383
583.609	251.348
583.585	251.322
583.554	251.288
583.523	251.255
583.5	251.229
583.47	251.194
583.44	251.16
583.418	251.134
583.388	251.1
583.366	251.075
583.336	251.041
583.306	251.008
583.283	250.983
583.253	250.949
583.223	250.915
583.2	250.89
583.169	250.857
583.139	250.823
583.117	250.798
583.088	250.765
583.066	250.74
583.036	250.707
583.006	250.674
582.984	250.649
582.955	250.616
582.926	250.583
582.903	250.559
582.871	250.527
582.839	250.495
582.815	250.471
582.784	250.438
582.761	250.414
582.731	250.382
582.702	250.35
582.678	250.326
582.645	250.296
582.61	250.266
582.585	250.244
582.551	250.215
582.517	250.185
582.492	250.163
582.458	250.133
582.432	250.11
582.398	250.08
582.363	250.05
582.337	250.028
582.303	249.998
582.269	249.968
582.243	249.945
582.209	249.915
582.175	249.885
582.149	249.862
582.114	249.832
582.088	249.809
582.053	249.778
582.017	249.747
581.99	249.723
581.954	249.692
581.919	249.66
581.892	249.636
581.858	249.603
581.823	249.569
581.797	249.544
581.761	249.51
581.735	249.484
581.7	249.45
581.664	249.416
581.637	249.39
581.601	249.355
581.565	249.32
581.538	249.293
581.502	249.257
581.466	249.22
581.439	249.192
581.404	249.155
581.377	249.127
581.342	249.09
581.307	249.052
581.28	249.023
581.246	248.985
581.211	248.947
581.184	248.918
581.149	248.88
581.113	248.842
581.087	248.813
581.051	248.775
581.025	248.746
580.99	248.707
580.955	248.668
580.928	248.639
580.893	248.601
580.858	248.563
580.831	248.534
580.796	248.495
580.761	248.457
580.735	248.428
580.699	248.389
580.673	248.36
580.638	248.322
580.603	248.283
580.576	248.254
580.541	248.216
580.505	248.178
580.478	248.149
580.443	248.11
580.407	248.071
580.381	248.042
580.345	248.003
580.319	247.974
580.283	247.936
580.248	247.897
580.221	247.868
580.186	247.83
580.15	247.792
580.123	247.763
580.087	247.724
580.051	247.686
580.024	247.657
579.989	247.619
579.962	247.59
579.927	247.552
579.892	247.513
579.865	247.484
579.83	247.446
579.794	247.408
579.767	247.38
579.731	247.342
579.695	247.304
579.669	247.276
579.634	247.238
579.608	247.21
579.574	247.172
579.539	247.135
579.513	247.107
579.478	247.07
579.444	247.034
579.418	247.007
579.384	246.97
579.35	246.934
579.324	246.907
579.29	246.871
579.265	246.844
579.231	246.808
579.198	246.773
579.173	246.746
579.14	246.711
579.107	246.676
579.083	246.65
579.05	246.615
579.018	246.58
578.994	246.554
578.961	246.52
578.937	246.494
578.905	246.46
578.874	246.427
578.85	246.402
578.818	246.368
578.787	246.333
578.764	246.308
578.733	246.274
578.703	246.241
578.68	246.216
578.65	246.183
578.627	246.159
578.596	246.126
578.566	246.094
578.544	246.07
578.514	246.038
578.485	246.007
578.464	245.984
578.435	245.953
578.407	245.923
578.386	245.901
578.359	245.872
578.339	245.851
578.312	245.822
578.285	245.794
578.265	245.773
578.24	245.746
578.214	245.719
578.196	245.699
578.172	245.673
578.148	245.647
578.131	245.628
578.109	245.602
578.092	245.583
578.07	245.559
578.048	245.536
578.032	245.518
578.01	245.496
577.988	245.473
577.972	245.457
577.949	245.436
577.927	245.415
577.911	245.4
577.89	245.38
577.874	245.365
577.851	245.346
577.828	245.327
577.81	245.314
577.786	245.296
577.761	245.279
577.743	245.267
577.719	245.252
577.694	245.238
577.675	245.228
577.649	245.215
577.629	245.206
577.603	245.195
577.576	245.185
577.556	245.179
577.529	245.171
577.501	245.164
577.48	245.16
577.453	245.156
577.425	245.153
577.404	245.152
577.376	245.151
577.355	245.151
577.327	245.152
577.298	245.155
577.277	245.157
577.248	245.161
577.218	245.166
577.195	245.17
577.163	245.176
577.131	245.183
577.108	245.189
577.077	245.198
577.054	245.205
577.023	245.215
576.992	245.225
576.969	245.234
576.938	245.246
576.907	245.258
576.883	245.267
576.852	245.28
576.82	245.294
576.797	245.305
576.766	245.321
576.743	245.333
576.714	245.35
576.685	245.366
576.662	245.379
576.629	245.396
576.595	245.414
576.57	245.427
576.536	245.445
576.502	245.463
576.477	245.477
576.443	245.496
576.417	245.51
576.383	245.529
576.348	245.549
576.322	245.564
576.288	245.585
576.253	245.606
576.226	245.622
576.19	245.643
576.153	245.664
576.126	245.68
576.089	245.702
576.061	245.718
576.024	245.74
575.987	245.762
575.959	245.778
575.921	245.8
575.883	245.822
575.855	245.839
575.818	245.862
575.78	245.884
575.752	245.901
575.714	245.923
575.686	245.94
575.649	245.962
575.612	245.984
575.585	246
575.547	246.023
575.509	246.045
575.482	246.061
575.446	246.082
575.41	246.104
575.383	246.12
575.346	246.142
575.318	246.159
575.281	246.181
575.244	246.203
575.216	246.22
575.178	246.243
575.14	246.266
575.111	246.283
575.073	246.306
575.035	246.329
575.006	246.346
574.968	246.367
574.939	246.384
574.901	246.406
574.863	246.429
574.835	246.446
574.798	246.469
574.761	246.491
574.734	246.508
574.698	246.53
574.661	246.551
574.633	246.567
574.595	246.589
574.568	246.604
574.534	246.623
574.501	246.642
574.475	246.657
574.439	246.68
574.401	246.702
574.374	246.719
574.337	246.74
574.3	246.762
574.273	246.778
574.237	246.8
574.21	246.816
574.176	246.836
574.143	246.855
574.117	246.87
574.081	246.892
574.046	246.913
574.023	246.93
573.997	246.954
573.968	246.976
573.94	246.992
573.899	247.011
573.869	247.026
573.831	247.045
573.795	247.065
573.767	247.079
573.729	247.097
573.692	247.115
573.665	247.129
573.63	247.148
573.594	247.166
573.567	247.18
573.53	247.198
573.503	247.211
573.466	247.227
573.43	247.243
573.403	247.255
573.368	247.273
573.333	247.29
573.306	247.302
573.27	247.317
573.233	247.331
573.204	247.341
573.165	247.353
573.135	247.361
573.096	247.371
573.057	247.381
573.027	247.387
572.988	247.395
572.948	247.401
572.918	247.406
572.879	247.411
572.839	247.416
572.809	247.419
572.768	247.421
572.738	247.423
572.698	247.424
572.658	247.425
572.628	247.425
572.588	247.426
572.548	247.426
572.518	247.426
572.479	247.426
572.439	247.426
572.409	247.426
572.37	247.427
572.341	247.428
572.305	247.431
572.269	247.435
572.242	247.438
572.204	247.442
572.167	247.447
572.14	247.452
572.104	247.46
572.069	247.469
572.043	247.476
572.01	247.486
571.985	247.494
571.953	247.506
571.922	247.519
571.899	247.528
571.87	247.541
571.84	247.555
571.818	247.565
571.789	247.578
571.76	247.592
571.738	247.603
571.709	247.617
571.688	247.628
571.66	247.643
571.633	247.658
571.613	247.669
571.587	247.683
571.561	247.698
571.541	247.709
571.516	247.724
571.49	247.739
571.471	247.75
571.445	247.764
571.426	247.775
571.402	247.789
571.378	247.802
571.36	247.812
571.337	247.825
571.314	247.837
571.298	247.846
571.278	247.857
571.258	247.868
571.244	247.876
571.225	247.886
571.212	247.894
571.195	247.904
571.179	247.913
571.167	247.919
571.152	247.928
571.137	247.936
571.127	247.942
571.114	247.949
571.102	247.956
571.093	247.961
571.082	247.967
571.074	247.972
571.064	247.978
571.055	247.984
571.048	247.988
571.039	247.993
571.031	247.997
571.025	248
571.018	248.004
571.011	248.007
571.006	248.01
571.001	248.013
570.997	248.015
570.993	248.018
570.99	248.02
570.987	248.021
570.984	248.023
570.982	248.024