127.4571255	36.6247828
127.4571254	36.6247829
127.4571250	36.6247831
127.4571243	36.6247834
127.4571236	36.6247838
127.4571227	36.6247843
127.4571217	36.6247849
127.4571205	36.6247856
127.4571192	36.6247863
127.4571180	36.6247868
127.4571172	36.6247873
127.4571166	36.6247876
127.4571163	36.6247877
127.4571162	36.6247878
127.4571163	36.6247877
127.4571163	36.6247877
127.4571164	36.6247877
127.4571164	36.6247877
127.4571164	36.6247877
127.4571164	36.6247876
127.4571164	36.6247876
127.4570707	36.6248130
127.4570057	36.6248503
127.4570016	36.6248527
127.4569977	36.6248552
127.4569938	36.6248577
127.4569898	36.6248600
127.4569857	36.6248625
127.4569816	36.6248649
127.4569777	36.6248673
127.4569737	36.6248698
127.4569696	36.6248721
127.4569656	36.6248747
127.4569614	36.6248771
127.4569571	36.6248797
127.4569526	36.6248823
127.4569481	36.6248852
127.4569435	36.6248879
127.4569387	36.6248909
127.4569338	36.6248939
127.4569287	36.6248971
127.4569233	36.6249003
127.4569178	36.6249037
127.4569121	36.6249071
127.4569061	36.6249107
127.4569000	36.6249144
127.4568936	36.6249184
127.4568871	36.6249224
127.4568805	36.6249265
127.4568738	36.6249307
127.4568670	36.6249349
127.4568601	36.6249392
127.4568526	36.6249435
127.4568453	36.6249481
127.4568380	36.6249528
127.4568305	36.6249576
127.4568228	36.6249623
127.4568151	36.6249670
127.4568070	36.6249717
127.4567993	36.6249764
127.4567914	36.6249812
127.4567834	36.6249859
127.4567753	36.6249907
127.4567672	36.6249954
127.4567590	36.6250000
127.4567508	36.6250048
127.4567426	36.6250094
127.4567343	36.6250141
127.4567262	36.6250189
127.4567175	36.6250241
127.4567094	36.6250288
127.4567013	36.6250333
127.4566934	36.6250379
127.4566857	36.6250423
127.4566783	36.6250468
127.4566709	36.6250511
127.4566642	36.6250554
127.4566575	36.6250598
127.4566515	36.6250642
127.4566456	36.6250681
127.4566402	36.6250724
127.4566353	36.6250771
127.4566306	36.6250822
127.4566267	36.6250875
127.4566237	36.6250929
127.4566217	36.6250986
127.4566196	36.6251045
127.4566180	36.6251105
127.4566172	36.6251168
127.4566170	36.6251233
127.4566174	36.6251300
127.4566191	36.6251370
127.4566214	36.6251442
127.4566242	36.6251513
127.4566275	36.6251586
127.4566313	36.6251658
127.4566355	36.6251732
127.4566401	36.6251805
127.4566450	36.6251879
127.4566500	36.6251952
127.4566554	36.6252027
127.4566610	36.6252101
127.4566669	36.6252176
127.4566727	36.6252251
127.4566788	36.6252326
127.4566850	36.6252402
127.4566913	36.6252479
127.4566976	36.6252555
127.4567039	36.6252633
127.4567104	36.6252712
127.4567171	36.6252791
127.4567237	36.6252872
127.4567304	36.6252953
127.4567371	36.6253034
127.4567438	36.6253115
127.4567505	36.6253199
127.4567571	36.6253283
127.4567635	36.6253367
127.4567703	36.6253451
127.4567773	36.6253533
127.4567842	36.6253616
127.4567918	36.6253700
127.4567987	36.6253785
127.4568056	36.6253870
127.4568127	36.6253954
127.4568194	36.6254039
127.4568263	36.6254124
127.4568335	36.6254209
127.4568408	36.6254292
127.4568474	36.6254375
127.4568542	36.6254457
127.4568609	36.6254536
127.4568677	36.6254616
127.4568747	36.6254698
127.4568812	36.6254780
127.4568873	36.6254858
127.4568938	36.6254936
127.4569009	36.6255015
127.4569079	36.6255095
127.4569147	36.6255175
127.4569215	36.6255255
127.4569284	36.6255337
127.4569355	36.6255418
127.4569425	36.6255499
127.4569498	36.6255581
127.4569569	36.6255663
127.4569642	36.6255746
127.4569714	36.6255831
127.4569787	36.6255915
127.4569858	36.6255998
127.4569930	36.6256081
127.4570002	36.6256163
127.4570072	36.6256245
127.4570140	36.6256325
127.4570208	36.6256404
127.4570273	36.6256483
127.4570339	36.6256560
127.4570403	36.6256635
127.4570466	36.6256711
127.4570529	36.6256788
127.4570591	36.6256867
127.4570655	36.6256945
127.4570714	36.6257022
127.4570767	36.6257098
127.4570820	36.6257169
127.4570870	36.6257238
127.4570919	36.6257307
127.4570963	36.6257375
127.4571009	36.6257444
127.4571051	36.6257513
127.4571092	36.6257584
127.4571136	36.6257659
127.4571173	36.6257737
127.4571218	36.6257823
127.4571262	36.6257913
127.4571302	36.6258007
127.4571334	36.6258102
127.4571368	36.6258201
127.4571400	36.6258300
127.4571428	36.6258401
127.4571456	36.6258503
127.4571481	36.6258604
127.4571504	36.6258709
127.4571529	36.6258815
127.4571554	36.6258923
127.4571581	36.6259032
127.4571612	36.6259143
127.4571643	36.6259256
127.4571676	36.6259370
127.4571710	36.6259487
127.4571746	36.6259605
127.4571781	36.6259724
127.4571819	36.6259845
127.4571858	36.6259966
127.4571898	36.6260088
127.4571938	36.6260208
127.4571980	36.6260329
127.4572016	36.6260442
127.4572068	36.6260566
127.4572121	36.6260688
127.4572172	36.6260809
127.4572205	36.6260924
127.4572257	36.6261047
127.4572308	36.6261170
127.4572341	36.6261287
127.4572390	36.6261409
127.4572442	36.6261532
127.4572493	36.6261654
127.4572541	36.6261776
127.4572590	36.6261897
127.4572636	36.6262019
127.4572680	36.6262140
127.4572719	36.6262260
127.4572756	36.6262377
127.4572788	36.6262491
127.4572817	36.6262602
127.4572845	36.6262712
127.4572867	36.6262818
127.4572883	36.6262925
127.4572903	36.6263033
127.4572919	36.6263141
127.4572932	36.6263251
127.4572954	36.6263365
127.4572955	36.6263471
127.4572965	36.6263580
127.4572971	36.6263691
127.4572979	36.6263806
127.4572989	36.6263923
127.4572999	36.6264039
127.4573011	36.6264157
127.4573014	36.6264278
127.4573021	36.6264397
127.4573031	36.6264516
127.4573039	36.6264636
127.4573050	36.6264759
127.4573064	36.6264881
127.4573077	36.6265004
127.4573086	36.6265127
127.4573094	36.6265251
127.4573102	36.6265376
127.4573112	36.6265501
127.4573122	36.6265626
127.4573133	36.6265753
127.4573143	36.6265880
127.4573145	36.6266004
127.4573147	36.6266130
127.4573161	36.6266258
127.4573169	36.6266389
127.4573171	36.6266519
127.4573182	36.6266644
127.4573190	36.6266776
127.4573197	36.6266906
127.4573201	36.6267035
127.4573207	36.6267172
127.4573205	36.6267297
127.4573209	36.6267429
127.4573229	36.6267567
127.4573234	36.6267697
127.4573251	36.6267830
127.4573257	36.6267957
127.4573254	36.6268081
127.4573264	36.6268203
127.4573282	36.6268324
127.4573306	36.6268444
127.4573318	36.6268563
127.4573333	36.6268679
127.4573357	36.6268791
127.4573384	36.6268901
127.4573400	36.6269005
127.4573450	36.6269113
127.4573498	36.6269217
127.4573550	36.6269319
127.4573604	36.6269419
127.4573658	36.6269520
127.4573714	36.6269619
127.4573778	36.6269720
127.4573840	36.6269818
127.4573902	36.6269916
127.4573971	36.6270014
127.4574059	36.6270118
127.4574115	36.6270216
127.4574183	36.6270317
127.4574274	36.6270422
127.4574364	36.6270520
127.4574454	36.6270608
127.4574550	36.6270709
127.4574639	36.6270819
127.4574718	36.6270924
127.4574809	36.6271032
127.4574900	36.6271138
127.4575003	36.6271244
127.4575106	36.6271362
127.4575199	36.6271474
127.4575300	36.6271587
127.4575398	36.6271692
127.4575495	36.6271791
127.4575595	36.6271895
127.4575694	36.6271991
127.4575792	36.6272096
127.4575877	36.6272204
127.4575966	36.6272307
127.4576078	36.6272410
127.4576168	36.6272506
127.4576258	36.6272605
127.4576347	36.6272702
127.4576434	36.6272798
127.4576510	36.6272887
127.4576581	36.6272974
127.4576654	36.6273061
127.4576727	36.6273144
127.4576792	36.6273224
127.4576866	36.6273295
127.4576928	36.6273368
127.4576989	36.6273440
127.4577051	36.6273515
127.4577108	36.6273580
127.4577163	36.6273632
127.4577219	36.6273684
127.4577264	36.6273742
127.4577313	36.6273794
127.4577341	36.6273852
127.4577383	36.6273895
127.4577426	36.6273946
127.4577465	36.6273982
127.4577491	36.6274025
127.4577526	36.6274071
127.4577557	36.6274126
127.4577584	36.6274155
127.4577607	36.6274187
127.4577645	36.6274227
127.4577676	36.6274262
127.4577712	36.6274300
127.4577736	36.6274333
127.4577771	36.6274372
127.4577814	36.6274412
127.4577851	36.6274457
127.4577862	36.6274518
127.4577896	36.6274565
127.4577906	36.6274617
127.4577916	36.6274678
127.4577927	36.6274766
127.4577911	36.6274836
127.4577889	36.6274911
127.4577861	36.6274983
127.4577823	36.6275045
127.4577779	36.6275120
127.4577728	36.6275198
127.4577670	36.6275275
127.4577605	36.6275349
127.4577534	36.6275419
127.4577456	36.6275488
127.4577371	36.6275556
127.4577281	36.6275620
127.4577185	36.6275685
127.4577087	36.6275749
127.4576986	36.6275810
127.4576879	36.6275873
127.4576767	36.6275934
127.4576651	36.6275994
127.4576537	36.6276053
127.4576419	36.6276112
127.4576300	36.6276169
127.4576178	36.6276223
127.4576054	36.6276281
127.4575926	36.6276344
127.4575798	36.6276398
127.4575690	36.6276462
127.4575548	36.6276523
127.4575418	36.6276586
127.4575278	36.6276641
127.4575127	36.6276703
127.4574992	36.6276764
127.4574850	36.6276825
127.4574709	36.6276887
127.4574576	36.6276946
127.4574438	36.6277005
127.4574300	36.6277066
127.4574161	36.6277126
127.4574024	36.6277184
127.4573893	36.6277238
127.4573764	36.6277290
127.4573643	36.6277341
127.4573524	36.6277386
127.4573408	36.6277426
127.4573313	36.6277468
127.4573222	36.6277507
127.4573135	36.6277546
127.4573052	36.6277582
127.4572965	36.6277610
127.4572887	36.6277633
127.4572816	36.6277660
127.4572746	36.6277687
127.4572673	36.6277712
127.4572602	36.6277741
127.4572531	36.6277769
127.4572456	36.6277799
127.4572380	36.6277828
127.4572303	36.6277860
127.4572224	36.6277894
127.4572137	36.6277929
127.4572047	36.6277967
127.4571954	36.6278007
127.4571855	36.6278048
127.4571755	36.6278091
127.4571654	36.6278136
127.4571550	36.6278181
127.4571442	36.6278227
127.4571332	36.6278275
127.4571217	36.6278322
127.4571102	36.6278370
127.4570983	36.6278419
127.4570862	36.6278469
127.4570737	36.6278519
127.4570610	36.6278570
127.4570481	36.6278621
127.4570351	36.6278673
127.4570219	36.6278726
127.4570085	36.6278779
127.4569950	36.6278833
127.4569814	36.6278887
127.4569678	36.6278941
127.4569539	36.6278997
127.4569399	36.6279053
127.4569258	36.6279110
127.4569117	36.6279167
127.4568973	36.6279225
127.4568828	36.6279284
127.4568682	36.6279342
127.4568535	36.6279402
127.4568388	36.6279461
127.4568240	36.6279521
127.4568091	36.6279581
127.4567943	36.6279641
127.4567795	36.6279701
127.4567646	36.6279761
127.4567498	36.6279822
127.4567350	36.6279882
127.4567202	36.6279942
127.4567053	36.6280003
127.4566905	36.6280061
127.4566757	36.6280121
127.4566608	36.6280180
127.4566459	36.6280240
127.4566311	36.6280300
127.4566163	36.6280360
127.4566014	36.6280421
127.4565868	36.6280483
127.4565720	36.6280544
127.4565572	36.6280606
127.4565425	36.6280669
127.4565278	36.6280731
127.4565130	36.6280792
127.4564982	36.6280853
127.4564834	36.6280915
127.4564687	36.6280978
127.4564538	36.6281039
127.4564392	36.6281101
127.4564246	36.6281160
127.4564120	36.6281207
127.4563980	36.6281274
127.4563826	36.6281334
127.4563691	36.6281398
127.4563544	36.6281456
127.4563401	36.6281515
127.4563260	36.6281572
127.4563128	36.6281629
127.4562992	36.6281683
127.4562864	36.6281734
127.4562737	36.6281783
127.4562616	36.6281831
127.4562502	36.6281878
127.4562382	36.6281918
127.4562273	36.6281963
127.4562171	36.6281998
127.4562075	36.6282044
127.4561976	36.6282083
127.4561879	36.6282126
127.4561780	36.6282170
127.4561681	36.6282201
127.4561599	36.6282234
127.4561498	36.6282278
127.4561407	36.6282321
127.4561315	36.6282368
127.4561209	36.6282396
127.4561096	36.6282434
127.4560989	36.6282481
127.4560877	36.6282527
127.4560765	36.6282578
127.4560649	36.6282630
127.4560523	36.6282673
127.4560402	36.6282720
127.4560298	36.6282779
127.4560177	36.6282839
127.4560042	36.6282889
127.4559906	36.6282944
127.4559770	36.6282985
127.4559627	36.6283042
127.4559491	36.6283104
127.4559349	36.6283167
127.4559214	36.6283235
127.4559085	36.6283290
127.4558951	36.6283354
127.4558816	36.6283421
127.4558670	36.6283485
127.4558519	36.6283539
127.4558378	36.6283610
127.4558240	36.6283681
127.4558101	36.6283752
127.4557963	36.6283813
127.4557829	36.6283885
127.4557686	36.6283957
127.4557549	36.6284031
127.4557423	36.6284102
127.4557288	36.6284177
127.4557155	36.6284260
127.4557021	36.6284350
127.4556869	36.6284431
127.4556729	36.6284523
127.4556596	36.6284610
127.4556453	36.6284691
127.4556317	36.6284783
127.4556183	36.6284876
127.4556048	36.6284958
127.4555924	36.6285056
127.4555797	36.6285147
127.4555658	36.6285239
127.4555530	36.6285332
127.4555428	36.6285416
127.4555304	36.6285506
127.4555170	36.6285591
127.4555044	36.6285689
127.4554917	36.6285782
127.4554789	36.6285873
127.4554672	36.6285967
127.4554547	36.6286062
127.4554438	36.6286161
127.4554320	36.6286257
127.4554149	36.6286281
127.4554052	36.6286403
127.4553942	36.6286511
127.4553830	36.6286616
127.4553719	36.6286715
127.4553606	36.6286809
127.4553501	36.6286898
127.4553378	36.6286985
127.4553260	36.6287077
127.4553146	36.6287158
127.4553032	36.6287249
127.4552919	36.6287343
127.4552807	36.6287438
127.4552694	36.6287533
127.4552582	36.6287628
127.4552468	36.6287725
127.4552354	36.6287819
127.4552239	36.6287914
127.4552125	36.6288008
127.4552012	36.6288100
127.4551905	36.6288198
127.4551794	36.6288302
127.4551695	36.6288395
127.4551567	36.6288478
127.4551457	36.6288571
127.4551354	36.6288674
127.4551255	36.6288777
127.4551138	36.6288864
127.4551025	36.6288960
127.4550915	36.6289049
127.4550801	36.6289148
127.4550691	36.6289231
127.4550573	36.6289324
127.4550456	36.6289418
127.4550333	36.6289514
127.4550221	36.6289607
127.4550100	36.6289702
127.4549983	36.6289794
127.4549871	36.6289888
127.4549756	36.6289981
127.4549640	36.6290078
127.4549537	36.6290171
127.4549428	36.6290261
127.4549298	36.6290357
127.4549161	36.6290431
127.4549062	36.6290539
127.4548948	36.6290640
127.4548829	36.6290743
127.4548711	36.6290842
127.4548589	36.6290945
127.4548464	36.6291044
127.4548342	36.6291142
127.4548239	36.6291245
127.4548123	36.6291336
127.4548003	36.6291442
127.4547879	36.6291523
127.4547753	36.6291627
127.4547619	36.6291732
127.4547510	36.6291827
127.4547396	36.6291932
127.4547272	36.6292033
127.4547156	36.6292139
127.4547037	36.6292247
127.4546923	36.6292347
127.4546816	36.6292432
127.4546713	36.6292514
127.4546598	36.6292617
127.4546456	36.6292718
127.4546323	36.6292821
127.4546209	36.6292923
127.4546085	36.6293023
127.4545973	36.6293122
127.4545860	36.6293224
127.4545747	36.6293336
127.4545626	36.6293440
127.4545505	36.6293544
127.4545381	36.6293642
127.4545255	36.6293740
127.4545129	36.6293838
127.4545018	36.6293945
127.4544892	36.6294044
127.4544769	36.6294139
127.4544643	36.6294240
127.4544519	36.6294327
127.4544412	36.6294426
127.4544290	36.6294533
127.4544180	36.6294625
127.4544074	36.6294711
127.4543954	36.6294800
127.4543842	36.6294891
127.4543731	36.6294983
127.4543621	36.6295070
127.4543513	36.6295157
127.4543416	36.6295251
127.4543306	36.6295341
127.4543195	36.6295418
127.4543088	36.6295505
127.4542996	36.6295591
127.4542907	36.6295678
127.4542810	36.6295757
127.4542726	36.6295836
127.4542635	36.6295912
127.4542538	36.6295996
127.4542467	36.6296066
127.4542380	36.6296120
127.4542287	36.6296183
127.4542195	36.6296278
127.4542108	36.6296355
127.4542051	36.6296440
127.4541963	36.6296512
127.4541862	36.6296587
127.4541765	36.6296665
127.4541660	36.6296748
127.4541554	36.6296831
127.4541449	36.6296910
127.4541347	36.6296984
127.4541250	36.6297066
127.4541158	36.6297157
127.4541047	36.6297205
127.4540961	36.6297292
127.4540872	36.6297378
127.4540792	36.6297461
127.4540709	36.6297534
127.4540635	36.6297616
127.4540568	36.6297706
127.4540506	36.6297779
127.4540446	36.6297875
127.4540389	36.6297967
127.4540338	36.6298060
127.4540293	36.6298153
127.4540263	36.6298253
127.4540232	36.6298349
127.4540197	36.6298449
127.4540177	36.6298552
127.4540172	36.6298658
127.4540178	36.6298761
127.4540200	36.6298863
127.4540211	36.6298968
127.4540256	36.6299065
127.4540309	36.6299166
127.4540374	36.6299257
127.4540435	36.6299357
127.4540497	36.6299458
127.4540545	36.6299560
127.4540596	36.6299661
127.4540652	36.6299764
127.4540714	36.6299870
127.4540776	36.6299976
127.4540836	36.6300083
127.4540894	36.6300190
127.4540966	36.6300309
127.4541033	36.6300421
127.4541108	36.6300542
127.4541174	36.6300661
127.4541242	36.6300778
127.4541305	36.6300893
127.4541383	36.6301012
127.4541459	36.6301132
127.4541538	36.6301251
127.4541619	36.6301369
127.4541700	36.6301483
127.4541758	36.6301595
127.4541814	36.6301705
127.4541899	36.6301829
127.4541974	36.6301960
127.4542036	36.6302089
127.4542105	36.6302216
127.4542158	36.6302343
127.4542238	36.6302466
127.4542315	36.6302596
127.4542390	36.6302728
127.4542464	36.6302852
127.4542541	36.6302974
127.4542608	36.6303098
127.4542680	36.6303216
127.4542753	36.6303341
127.4542830	36.6303469
127.4542907	36.6303597
127.4542981	36.6303736
127.4543054	36.6303858
127.4543129	36.6303975
127.4543196	36.6304089
127.4543261	36.6304190
127.4543323	36.6304296
127.4543390	36.6304405
127.4543451	36.6304516
127.4543511	36.6304619
127.4543577	36.6304725
127.4543640	36.6304835
127.4543714	36.6304945
127.4543776	36.6305047
127.4543835	36.6305153
127.4543902	36.6305263
127.4543959	36.6305369
127.4544024	36.6305478
127.4544096	36.6305585
127.4544169	36.6305698
127.4544235	36.6305812
127.4544302	36.6305923
127.4544364	36.6306023
127.4544424	36.6306125
127.4544482	36.6306229
127.4544543	36.6306333
127.4544605	36.6306432
127.4544662	36.6306527
127.4544726	36.6306617
127.4544803	36.6306700
127.4544888	36.6306778
127.4544964	36.6306852
127.4545044	36.6306927
127.4545132	36.6306992
127.4545227	36.6307053
127.4545327	36.6307111
127.4545429	36.6307161
127.4545533	36.6307204
127.4545639	36.6307241
127.4545748	36.6307273
127.4545861	36.6307301
127.4545979	36.6307324
127.4546100	36.6307343
127.4546225	36.6307358
127.4546354	36.6307367
127.4546487	36.6307373
127.4546618	36.6307374
127.4546757	36.6307363
127.4546893	36.6307355
127.4547032	36.6307343
127.4547173	36.6307329
127.4547316	36.6307310
127.4547459	36.6307284
127.4547599	36.6307253
127.4547738	36.6307217
127.4547882	36.6307175
127.4548025	36.6307129
127.4548163	36.6307081
127.4548301	36.6307026
127.4548438	36.6306964
127.4548573	36.6306900
127.4548708	36.6306832
127.4548844	36.6306760
127.4548980	36.6306685
127.4549119	36.6306609
127.4549257	36.6306531
127.4549395	36.6306452
127.4549533	36.6306372
127.4549672	36.6306291
127.4549811	36.6306211
127.4549950	36.6306130
127.4550088	36.6306050
127.4550227	36.6305969
127.4550364	36.6305888
127.4550502	36.6305807
127.4550643	36.6305728
127.4550777	36.6305646
127.4550913	36.6305564
127.4551055	36.6305485
127.4551188	36.6305402
127.4551326	36.6305321
127.4551461	36.6305240
127.4551599	36.6305159
127.4551738	36.6305078
127.4551878	36.6304998
127.4552020	36.6304920
127.4552158	36.6304839
127.4552298	36.6304758
127.4552441	36.6304677
127.4552581	36.6304596
127.4552721	36.6304516
127.4552860	36.6304434
127.4552998	36.6304352
127.4553137	36.6304271
127.4553280	36.6304191
127.4553425	36.6304114
127.4553564	36.6304033
127.4553703	36.6303952
127.4553842	36.6303872
127.4553982	36.6303791
127.4554121	36.6303710
127.4554260	36.6303630
127.4554399	36.6303549
127.4554539	36.6303468
127.4554679	36.6303388
127.4554820	36.6303310
127.4554960	36.6303231
127.4555100	36.6303151
127.4555239	36.6303072
127.4555379	36.6302992
127.4555519	36.6302914
127.4555658	36.6302835
127.4555797	36.6302755
127.4555935	36.6302675
127.4556072	36.6302594
127.4556210	36.6302516
127.4556348	36.6302436
127.4556484	36.6302356
127.4556620	36.6302275
127.4556756	36.6302195
127.4556893	36.6302118
127.4557028	36.6302040
127.4557163	36.6301961
127.4557297	36.6301882
127.4557431	36.6301802
127.4557565	36.6301725
127.4557697	36.6301648
127.4557828	36.6301570
127.4557958	36.6301494
127.4558087	36.6301418
127.4558215	36.6301343
127.4558342	36.6301270
127.4558467	36.6301198
127.4558586	36.6301128
127.4558700	36.6301062
127.4558808	36.6301000
127.4558908	36.6300942
127.4559003	36.6300889
127.4559092	36.6300838
127.4559176	36.6300790
127.4559257	36.6300745
127.4559329	36.6300700
127.4559401	36.6300653
127.4559485	36.6300611
127.4559571	36.6300567
127.4559652	36.6300525
127.4559727	36.6300483
127.4559803	36.6300442
127.4559880	36.6300400
127.4559957	36.6300354
127.4560040	36.6300307
127.4560128	36.6300257
127.4560216	36.6300207
127.4560309	36.6300156
127.4560402	36.6300104
127.4560496	36.6300051
127.4560595	36.6299996
127.4560695	36.6299939
127.4560784	36.6299876
127.4560892	36.6299820
127.4560999	36.6299761
127.4561108	36.6299702
127.4561216	36.6299640
127.4561324	36.6299579
127.4561418	36.6299518
127.4561532	36.6299453
127.4561658	36.6299387
127.4561780	36.6299320
127.4561901	36.6299251
127.4562023	36.6299182
127.4562147	36.6299116
127.4562272	36.6299048
127.4562398	36.6298978
127.4562525	36.6298906
127.4562653	36.6298834
127.4562783	36.6298764
127.4562919	36.6298694
127.4563049	36.6298620
127.4563180	36.6298545
127.4563312	36.6298469
127.4563447	36.6298393
127.4563582	36.6298317
127.4563718	36.6298239
127.4563854	36.6298161
127.4563991	36.6298083
127.4564128	36.6298005
127.4564266	36.6297927
127.4564404	36.6297848
127.4564543	36.6297768
127.4564678	36.6297687
127.4564819	36.6297609
127.4564960	36.6297530
127.4565099	36.6297450
127.4565241	36.6297369
127.4565384	36.6297289
127.4565526	36.6297209
127.4565669	36.6297128
127.4565812	36.6297046
127.4565956	36.6296963
127.4566100	36.6296881
127.4566245	36.6296801
127.4566389	36.6296719
127.4566533	36.6296635
127.4566676	36.6296553
127.4566819	36.6296471
127.4566960	36.6296392
127.4567098	36.6296314
127.4567232	36.6296237
127.4567364	36.6296161
127.4567492	36.6296087
127.4567623	36.6296016
127.4567744	36.6295945
127.4567866	36.6295875
127.4567989	36.6295804
127.4568106	36.6295731
127.4568227	36.6295667
127.4568346	36.6295603
127.4568463	36.6295536
127.4568582	36.6295468
127.4568700	36.6295399
127.4568822	36.6295330
127.4568946	36.6295260
127.4569075	36.6295189
127.4569199	36.6295116
127.4569325	36.6295042
127.4569454	36.6294969
127.4569585	36.6294895
127.4569717	36.6294819
127.4569850	36.6294742
127.4569984	36.6294664
127.4570120	36.6294586
127.4570261	36.6294509
127.4570397	36.6294427
127.4570539	36.6294346
127.4570680	36.6294263
127.4570822	36.6294180
127.4570967	36.6294095
127.4571111	36.6294009
127.4571258	36.6293922
127.4571406	36.6293834
127.4571554	36.6293747
127.4571703	36.6293659
127.4571850	36.6293572
127.4571997	36.6293485
127.4572141	36.6293400
127.4572282	36.6293316
127.4572422	36.6293235
127.4572558	36.6293156
127.4572692	36.6293081
127.4572826	36.6293011
127.4572942	36.6292939
127.4573040	36.6292863
127.4573160	36.6292800
127.4573277	36.6292740
127.4573390	36.6292679
127.4573502	36.6292621
127.4573609	36.6292562
127.4573715	36.6292502
127.4573822	36.6292441
127.4573928	36.6292380
127.4574036	36.6292319
127.4574144	36.6292259
127.4574255	36.6292198
127.4574369	36.6292132
127.4574488	36.6292063
127.4574609	36.6291993
127.4574732	36.6291920
127.4574860	36.6291846
127.4574990	36.6291771
127.4575124	36.6291694
127.4575260	36.6291618
127.4575396	36.6291538
127.4575535	36.6291457
127.4575675	36.6291374
127.4575816	36.6291291
127.4575961	36.6291209
127.4576104	36.6291125
127.4576250	36.6291040
127.4576396	36.6290953
127.4576543	36.6290864
127.4576692	36.6290777
127.4576841	36.6290688
127.4576993	36.6290599
127.4577144	36.6290509
127.4577295	36.6290419
127.4577451	36.6290331
127.4577604	36.6290240
127.4577756	36.6290149
127.4577910	36.6290058
127.4578065	36.6289967
127.4578220	36.6289876
127.4578377	36.6289784
127.4578534	36.6289693
127.4578692	36.6289602
127.4578851	36.6289511
127.4579010	36.6289420
127.4579168	36.6289329
127.4579327	36.6289239
127.4579486	36.6289148
127.4579645	36.6289057
127.4579803	36.6288968
127.4579962	36.6288878
127.4580122	36.6288788
127.4580282	36.6288698
127.4580440	36.6288609
127.4580599	36.6288521
127.4580757	36.6288434
127.4580912	36.6288346
127.4581065	36.6288258
127.4581217	36.6288170
127.4581369	36.6288085
127.4581521	36.6288000
127.4581671	36.6287915
127.4581819	36.6287830
127.4581965	36.6287747
127.4582109	36.6287666
127.4582249	36.6287587
127.4582386	36.6287508
127.4582519	36.6287432
127.4582648	36.6287357
127.4582775	36.6287285
127.4582901	36.6287214
127.4583023	36.6287144
127.4583145	36.6287075
127.4583265	36.6287006
127.4583384	36.6286938
127.4583501	36.6286872
127.4583616	36.6286808
127.4583730	36.6286743
127.4583844	36.6286679
127.4583956	36.6286615
127.4584066	36.6286552
127.4584177	36.6286490
127.4584281	36.6286429
127.4584391	36.6286368
127.4584498	36.6286307
127.4584603	36.6286245
127.4584705	36.6286184
127.4584803	36.6286123
127.4584902	36.6286063
127.4585004	36.6286004
127.4585101	36.6285945
127.4585197	36.6285888
127.4585294	36.6285834
127.4585392	36.6285783
127.4585491	36.6285738
127.4585592	36.6285698
127.4585695	36.6285666
127.4585796	36.6285642
127.4585900	36.6285625
127.4586007	36.6285617
127.4586113	36.6285617
127.4586217	36.6285624
127.4586321	36.6285639
127.4586424	36.6285663
127.4586525	36.6285698
127.4586621	36.6285744
127.4586711	36.6285798
127.4586795	36.6285863
127.4586872	36.6285935
127.4586936	36.6286011
127.4586998	36.6286094
127.4587053	36.6286181
127.4587106	36.6286273
127.4587148	36.6286364
127.4587192	36.6286459
127.4587235	36.6286558
127.4587277	36.6286658
127.4587320	36.6286760
127.4587363	36.6286863
127.4587404	36.6286966
127.4587447	36.6287070
127.4587493	36.6287178
127.4587539	36.6287285
127.4587589	36.6287393
127.4587641	36.6287501
127.4587697	36.6287610
127.4587753	36.6287720
127.4587808	36.6287829
127.4587866	36.6287937
127.4587926	36.6288044
127.4587983	36.6288149
127.4588039	36.6288254
127.4588097	36.6288356
127.4588157	36.6288457
127.4588216	36.6288556
127.4588276	36.6288652
127.4588336	36.6288744
127.4588397	36.6288833
127.4588458	36.6288918
127.4588521	36.6289000
127.4588585	36.6289076
127.4588649	36.6289146
127.4588721	36.6289210
127.4588789	36.6289270
127.4588872	36.6289323
127.4588932	36.6289372
127.4589006	36.6289414
127.4589083	36.6289447
127.4589161	36.6289472
127.4589239	36.6289490
127.4589320	36.6289497
127.4589400	36.6289500
127.4589480	36.6289497
127.4589562	36.6289488
127.4589645	36.6289473
127.4589731	36.6289450
127.4589815	36.6289422
127.4589907	36.6289393
127.4589994	36.6289358
127.4590086	36.6289320
127.4590175	36.6289279
127.4590260	36.6289236
127.4590358	36.6289194
127.4590461	36.6289150
127.4590569	36.6289107
127.4590676	36.6289062
127.4590785	36.6289015
127.4590897	36.6288968
127.4591009	36.6288918
127.4591120	36.6288869
127.4591229	36.6288817
127.4591347	36.6288765
127.4591470	36.6288713
127.4591591	36.6288660
127.4591714	36.6288607
127.4591838	36.6288553
127.4591963	36.6288499
127.4592087	36.6288446
127.4592216	36.6288390
127.4592348	36.6288339
127.4592478	36.6288280
127.4592602	36.6288218
127.4592734	36.6288159
127.4592864	36.6288099
127.4592988	36.6288035
127.4593107	36.6287971
127.4593217	36.6287902
127.4593329	36.6287833
127.4593440	36.6287765
127.4593561	36.6287700
127.4593693	36.6287639
127.4593820	36.6287576
127.4593946	36.6287509
127.4594066	36.6287446
127.4594195	36.6287380
127.4594320	36.6287314
127.4594435	36.6287243
127.4594552	36.6287176
127.4594670	36.6287109
127.4594788	36.6287046
127.4594906	36.6286983
127.4595025	36.6286922
127.4595142	36.6286859
127.4595258	36.6286799
127.4595372	36.6286737
127.4595485	36.6286675
127.4595597	36.6286614
127.4595708	36.6286552
127.4595816	36.6286492
127.4595924	36.6286433
127.4596031	36.6286372
127.4596142	36.6286312
127.4596251	36.6286253
127.4596363	36.6286192
127.4596479	36.6286131
127.4596593	36.6286068
127.4596712	36.6286005
127.4596832	36.6285939
127.4596956	36.6285871
127.4597078	36.6285805
127.4597198	36.6285738
127.4597324	36.6285671
127.4597450	36.6285601
127.4597575	36.6285531
127.4597699	36.6285461
127.4597824	36.6285394
127.4597949	36.6285328
127.4598072	36.6285262
127.4598194	36.6285196
127.4598312	36.6285127
127.4598426	36.6285055
127.4598537	36.6284983
127.4598640	36.6284902
127.4598734	36.6284812
127.4598820	36.6284724
127.4598894	36.6284632
127.4598958	36.6284535
127.4599014	36.6284433
127.4599055	36.6284329
127.4599084	36.6284224
127.4599105	36.6284117
127.4599124	36.6284008
127.4599139	36.6283898
127.4599151	36.6283785
127.4599164	36.6283669
127.4599174	36.6283549
127.4599185	36.6283430
127.4599200	36.6283309
127.4599216	36.6283188
127.4599232	36.6283065
127.4599248	36.6282942
127.4599263	36.6282818
127.4599278	36.6282696
127.4599294	36.6282575
127.4599311	36.6282451
127.4599328	36.6282330
127.4599345	36.6282212
127.4599362	36.6282093
127.4599378	36.6281973
127.4599396	36.6281853
127.4599415	36.6281734
127.4599437	36.6281615
127.4599465	36.6281498
127.4599500	36.6281384
127.4599544	36.6281274
127.4599595	36.6281167
127.4599653	36.6281064
127.4599718	36.6280965
127.4599791	36.6280871
127.4599877	36.6280786
127.4599963	36.6280706
127.4600049	36.6280628
127.4600141	36.6280557
127.4600230	36.6280487
127.4600320	36.6280419
127.4600410	36.6280355
127.4600500	36.6280291
127.4600588	36.6280228
127.4600673	36.6280165
127.4600753	36.6280100
127.4600826	36.6280034
127.4600890	36.6279966
127.4600945	36.6279895
127.4600994	36.6279824
127.4601029	36.6279748
127.4601055	36.6279672
127.4601071	36.6279595
127.4601077	36.6279520
127.4601072	36.6279446
127.4601060	36.6279373
127.4601033	36.6279301
127.4600998	36.6279231
127.4600957	36.6279160
127.4600906	36.6279089
127.4600853	36.6279020
127.4600796	36.6278950
127.4600732	36.6278876
127.4600671	36.6278804
127.4600608	36.6278731
127.4600540	36.6278656
127.4600467	36.6278578
127.4600398	36.6278502
127.4600328	36.6278428
127.4600258	36.6278351
127.4600186	36.6278273
127.4600112	36.6278191
127.4600035	36.6278107
127.4599957	36.6278020
127.4599877	36.6277925
127.4599793	36.6277829
127.4599709	36.6277732
127.4599625	36.6277632
127.4599538	36.6277531
127.4599450	36.6277427
127.4599359	36.6277321
127.4599266	36.6277213
127.4599172	36.6277104
127.4599077	36.6276994
127.4598976	36.6276881
127.4598876	36.6276769
127.4598776	36.6276657
127.4598672	36.6276544
127.4598578	36.6276433
127.4598471	36.6276321
127.4598368	36.6276207
127.4598262	36.6276090
127.4598166	36.6275976
127.4598061	36.6275861
127.4597960	36.6275745
127.4597856	36.6275630
127.4597755	36.6275515
127.4597653	36.6275404
127.4597554	36.6275288
127.4597454	36.6275177
127.4597355	36.6275064
127.4597254	36.6274952
127.4597157	36.6274841
127.4597058	36.6274733
127.4596959	36.6274622
127.4596862	36.6274512
127.4596763	36.6274404
127.4596666	36.6274297
127.4596570	36.6274190
127.4596470	36.6274085
127.4596374	36.6273979
127.4596279	36.6273874
127.4596186	36.6273770
127.4596091	36.6273666
127.4595993	36.6273562
127.4595900	36.6273457
127.4595807	36.6273355
127.4595706	36.6273255
127.4595611	36.6273155
127.4595526	36.6273053
127.4595438	36.6272953
127.4595344	36.6272853
127.4595248	36.6272753
127.4595154	36.6272653
127.4595063	36.6272551
127.4594970	36.6272453
127.4594878	36.6272353
127.4594785	36.6272252
127.4594693	36.6272155
127.4594602	36.6272058
127.4594510	36.6271959
127.4594424	36.6271859
127.4594335	36.6271764
127.4594250	36.6271666
127.4594163	36.6271571
127.4594074	36.6271476
127.4593988	36.6271382
127.4593903	36.6271287
127.4593819	36.6271195
127.4593735	36.6271102
127.4593655	36.6271009
127.4593578	36.6270921
127.4593499	36.6270831
127.4593417	36.6270737
127.4593330	36.6270648
127.4593257	36.6270560
127.4593178	36.6270477
127.4593107	36.6270386
127.4593032	36.6270297
127.4592952	36.6270211
127.4592871	36.6270126
127.4592792	36.6270040
127.4592717	36.6269955
127.4592642	36.6269868
127.4592564	36.6269780
127.4592482	36.6269689
127.4592409	36.6269603
127.4592336	36.6269516
127.4592257	36.6269427
127.4592176	36.6269343
127.4592095	36.6269256
127.4592021	36.6269175
127.4591947	36.6269088
127.4591873	36.6269006
127.4591799	36.6268926
127.4591731	36.6268851
127.4591662	36.6268776
127.4591597	36.6268701
127.4591538	36.6268629
127.4591479	36.6268560
127.4591422	36.6268487
127.4591370	36.6268416
127.4591326	36.6268344
127.4591288	36.6268272
127.4591257	36.6268200
127.4591232	36.6268127
127.4591217	36.6268048
127.4591212	36.6267967
127.4591219	36.6267884
127.4591239	36.6267801
127.4591267	36.6267721
127.4591308	36.6267641
127.4591360	36.6267562
127.4591423	36.6267486
127.4591494	36.6267411
127.4591570	36.6267339
127.4591651	36.6267267
127.4591736	36.6267197
127.4591827	36.6267127
127.4591921	36.6267057
127.4592017	36.6266985
127.4592113	36.6266916
127.4592211	36.6266847
127.4592309	36.6266778
127.4592411	36.6266712
127.4592499	36.6266647
127.4592593	36.6266583
127.4592690	36.6266523
127.4592784	36.6266463
127.4592882	36.6266406
127.4592975	36.6266347
127.4593070	36.6266287
127.4593168	36.6266228
127.4593273	36.6266167
127.4593374	36.6266105
127.4593472	36.6266044
127.4593571	36.6265980
127.4593666	36.6265910
127.4593758	36.6265839
127.4593846	36.6265764
127.4593932	36.6265684
127.4594015	36.6265602
127.4594091	36.6265516
127.4594160	36.6265428
127.4594224	36.6265339
127.4594282	36.6265247
127.4594332	36.6265154
127.4594376	36.6265060
127.4594412	36.6264963
127.4594438	36.6264864
127.4594456	36.6264767
127.4594466	36.6264667
127.4594469	36.6264568
127.4594462	36.6264468
127.4594441	36.6264369
127.4594417	36.6264269
127.4594381	36.6264169
127.4594341	36.6264069
127.4594294	36.6263972
127.4594245	36.6263877
127.4594187	36.6263778
127.4594124	36.6263680
127.4594060	36.6263585
127.4593992	36.6263490
127.4593920	36.6263393
127.4593844	36.6263297
127.4593766	36.6263201
127.4593685	36.6263104
127.4593601	36.6263007
127.4593515	36.6262910
127.4593431	36.6262813
127.4593346	36.6262716
127.4593261	36.6262621
127.4593175	36.6262526
127.4593094	36.6262431
127.4593013	36.6262337
127.4592931	36.6262244
127.4592851	36.6262151
127.4592769	36.6262060
127.4592685	36.6261969
127.4592603	36.6261879
127.4592521	36.6261791
127.4592440	36.6261703
127.4592359	36.6261615
127.4592279	36.6261528
127.4592199	36.6261441
127.4592118	36.6261355
127.4592039	36.6261269
127.4591958	36.6261183
127.4591875	36.6261091
127.4591790	36.6260997
127.4591708	36.6260907
127.4591626	36.6260816
127.4591541	36.6260721
127.4591454	36.6260625
127.4591367	36.6260527
127.4591278	36.6260429
127.4591189	36.6260331
127.4591097	36.6260232
127.4591004	36.6260131
127.4590911	36.6260029
127.4590817	36.6259927
127.4590722	36.6259825
127.4590628	36.6259722
127.4590533	36.6259618
127.4590439	36.6259514
127.4590343	36.6259412
127.4590249	36.6259312
127.4590152	36.6259211
127.4590057	36.6259110
127.4589962	36.6259012
127.4589870	36.6258912
127.4589777	36.6258813
127.4589681	36.6258714
127.4589586	36.6258613
127.4589488	36.6258511
127.4589390	36.6258408
127.4589294	36.6258304
127.4589197	36.6258201
127.4589099	36.6258099
127.4589001	36.6257996
127.4588904	36.6257893
127.4588809	36.6257790
127.4588713	36.6257686
127.4588617	36.6257580
127.4588523	36.6257474
127.4588430	36.6257368
127.4588335	36.6257265
127.4588236	36.6257164
127.4588139	36.6257062
127.4588039	36.6256964
127.4587942	36.6256864
127.4587847	36.6256762
127.4587754	36.6256660
127.4587659	36.6256559
127.4587569	36.6256458
127.4587476	36.6256360
127.4587386	36.6256262
127.4587296	36.6256164
127.4587210	36.6256065
127.4587126	36.6255964
127.4587043	36.6255866
127.4586963	36.6255770
127.4586886	36.6255673
127.4586813	36.6255575
127.4586741	36.6255478
127.4586675	36.6255379
127.4586611	36.6255282
127.4586550	36.6255183
127.4586491	36.6255085
127.4586436	36.6254989
127.4586381	36.6254890
127.4586327	36.6254790
127.4586274	36.6254690
127.4586220	36.6254591
127.4586167	36.6254492
127.4586113	36.6254395
127.4586057	36.6254298
127.4586000	36.6254203
127.4585939	36.6254111
127.4585878	36.6254024
127.4585817	36.6253939
127.4585753	36.6253857
127.4585691	36.6253773
127.4585627	36.6253696
127.4585564	36.6253621
127.4585500	36.6253543
127.4585433	36.6253465
127.4585369	36.6253391
127.4585311	36.6253317
127.4585250	36.6253243
127.4585185	36.6253167
127.4585121	36.6253091
127.4585056	36.6253015
127.4584990	36.6252937
127.4584925	36.6252858
127.4584857	36.6252778
127.4584788	36.6252698
127.4584719	36.6252617
127.4584647	36.6252535
127.4584576	36.6252452
127.4584503	36.6252368
127.4584428	36.6252284
127.4584354	36.6252199
127.4584279	36.6252113
127.4584204	36.6252028
127.4584127	36.6251941
127.4584050	36.6251855
127.4583974	36.6251768
127.4583897	36.6251680
127.4583821	36.6251592
127.4583745	36.6251506
127.4583670	36.6251418
127.4583593	36.6251331
127.4583515	36.6251246
127.4583440	36.6251160
127.4583366	36.6251075
127.4583291	36.6250991
127.4583215	36.6250907
127.4583139	36.6250823
127.4583066	36.6250740
127.4582991	36.6250657
127.4582918	36.6250575
127.4582839	36.6250495
127.4582761	36.6250414
127.4582686	36.6250334
127.4582602	36.6250259
127.4582517	36.6250185
127.4582432	36.6250110
127.4582346	36.6250035
127.4582260	36.6249960
127.4582175	36.6249885
127.4582088	36.6249809
127.4581999	36.6249731
127.4581910	36.6249652
127.4581823	36.6249569
127.4581735	36.6249484
127.4581646	36.6249399
127.4581556	36.6249311
127.4581466	36.6249220
127.4581377	36.6249127
127.4581289	36.6249033
127.4581202	36.6248937
127.4581113	36.6248842
127.4581025	36.6248746
127.4580937	36.6248649
127.4580849	36.6248553
127.4580761	36.6248457
127.4580673	36.6248360
127.4580585	36.6248264
127.4580496	36.6248168
127.4580407	36.6248071
127.4580319	36.6247974
127.4580230	36.6247878
127.4580141	36.6247782
127.4580051	36.6247686
127.4579962	36.6247590
127.4579874	36.6247494
127.4579785	36.6247399
127.4579695	36.6247304
127.4579608	36.6247210
127.4579522	36.6247116
127.4579435	36.6247025
127.4579350	36.6246934
127.4579265	36.6246844
127.4579181	36.6246755
127.4579099	36.6246667
127.4579018	36.6246580
127.4578937	36.6246494
127.4578858	36.6246410
127.4578779	36.6246325
127.4578703	36.6246241
127.4578627	36.6246159
127.4578551	36.6246078
127.4578478	36.6245999
127.4578407	36.6245923
127.4578339	36.6245851
127.4578272	36.6245780
127.4578208	36.6245712
127.4578148	36.6245647
127.4578092	36.6245583
127.4578037	36.6245524
127.4577983	36.6245468
127.4577927	36.6245415
127.4577874	36.6245365
127.4577816	36.6245318
127.4577755	36.6245275
127.4577694	36.6245238
127.4577629	36.6245206
127.4577563	36.6245181
127.4577494	36.6245163
127.4577425	36.6245153
127.4577355	36.6245151
127.4577284	36.6245156
127.4577210	36.6245167
127.4577131	36.6245183
127.4577054	36.6245205
127.4576977	36.6245231
127.4576899	36.6245261
127.4576820	36.6245294
127.4576743	36.6245333
127.4576670	36.6245375
127.4576587	36.6245418
127.4576502	36.6245463
127.4576417	36.6245510
127.4576331	36.6245559
127.4576244	36.6245611
127.4576153	36.6245664
127.4576061	36.6245718
127.4575968	36.6245773
127.4575874	36.6245828
127.4575780	36.6245884
127.4575686	36.6245940
127.4575594	36.6245995
127.4575500	36.6246050
127.4575410	36.6246104
127.4575318	36.6246159
127.4575225	36.6246214
127.4575130	36.6246272
127.4575035	36.6246329
127.4574939	36.6246384
127.4574844	36.6246440
127.4574752	36.6246497
127.4574661	36.6246551
127.4574568	36.6246604
127.4574484	36.6246652
127.4574392	36.6246708
127.4574300	36.6246762
127.4574210	36.6246816
127.4574126	36.6246865
127.4574038	36.6246919
127.4573968	36.6246976
127.4573869	36.6247026
127.4573776	36.6247074
127.4573683	36.6247120
127.4573594	36.6247166
127.4573503	36.6247211
127.4573412	36.6247251
127.4573324	36.6247294
127.4573233	36.6247331
127.4573135	36.6247361
127.4573037	36.6247385
127.4572938	36.6247403
127.4572839	36.6247416
127.4572738	36.6247423
127.4572638	36.6247425
127.4572538	36.6247426
127.4572439	36.6247426
127.4572341	36.6247428
127.4572251	36.6247437
127.4572158	36.6247449
127.4572069	36.6247469
127.4571985	36.6247494
127.4571907	36.6247525
127.4571833	36.6247558
127.4571760	36.6247592
127.4571688	36.6247628
127.4571620	36.6247665
127.4571554	36.6247702
127.4571490	36.6247739
127.4571426	36.6247775
127.4571366	36.6247809
127.4571309	36.6247840
127.4571258	36.6247868
127.4571212	36.6247894
127.4571171	36.6247917
127.4571134	36.6247938
127.4571102	36.6247956
127.4571074	36.6247972
127.4571050	36.6247987
127.4571029	36.6247998
127.4571011	36.6248007
127.4570997	36.6248015
127.4570988	36.6248021
127.4570982	36.6248024
127.4570981	36.6248025