571255	247828
571254	247829
571250	247831
571243	247834
571236	247838
571227	247843
571217	247849
571205	247856
571192	247863
571180	247868
571172	247873
571166	247876
571163	247877
571162	247878
571163	247877
571163	247877
571164	247877
571164	247877
571164	247877
571164	247876
571164	247876
570707	248130
570057	248503
570016	248527
569977	248552
569938	248577
569898	248600
569857	248625
569816	248649
569777	248673
569737	248698
569696	248721
569656	248747
569614	248771
569571	248797
569526	248823
569481	248852
569435	248879
569387	248909
569338	248939
569287	248971
569233	249003
569178	249037
569121	249071
569061	249107
569000	249144
568936	249184
568871	249224
568805	249265
568738	249307
568670	249349
568601	249392
568526	249435
568453	249481
568380	249528
568305	249576
568228	249623
568151	249670
568070	249717
567993	249764
567914	249812
567834	249859
567753	249907
567672	249954
567590	250000
567508	250048
567426	250094
567343	250141
567262	250189
567175	250241
567094	250288
567013	250333
566934	250379
566857	250423
566783	250468
566709	250511
566642	250554
566575	250598
566515	250642
566456	250681
566402	250724
566353	250771
566306	250822
566267	250875
566237	250929
566217	250986
566196	251045
566180	251105
566172	251168
566170	251233
566174	251300
566191	251370
566214	251442
566242	251513
566275	251586
566313	251658
566355	251732
566401	251805
566450	251879
566500	251952
566554	252027
566610	252101
566669	252176
566727	252251
566788	252326
566850	252402
566913	252479
566976	252555
567039	252633
567104	252712
567171	252791
567237	252872
567304	252953
567371	253034
567438	253115
567505	253199
567571	253283
567635	253367
567703	253451
567773	253533
567842	253616
567918	253700
567987	253785
568056	253870
568127	253954
568194	254039
568263	254124
568335	254209
568408	254292
568474	254375
568542	254457
568609	254536
568677	254616
568747	254698
568812	254780
568873	254858
568938	254936
569009	255015
569079	255095
569147	255175
569215	255255
569284	255337
569355	255418
569425	255499
569498	255581
569569	255663
569642	255746
569714	255831
569787	255915
569858	255998
569930	256081
570002	256163
570072	256245
570140	256325
570208	256404
570273	256483
570339	256560
570403	256635
570466	256711
570529	256788
570591	256867
570655	256945
570714	257022
570767	257098
570820	257169
570870	257238
570919	257307
570963	257375
571009	257444
571051	257513
571092	257584
571136	257659
571173	257737
571218	257823
571262	257913
571302	258007
571334	258102
571368	258201
571400	258300
571428	258401
571456	258503
571481	258604
571504	258709
571529	258815
571554	258923
571581	259032
571612	259143
571643	259256
571676	259370
571710	259487
571746	259605
571781	259724
571819	259845
571858	259966
571898	260088
571938	260208
571980	260329
572016	260442
572068	260566
572121	260688
572172	260809
572205	260924
572257	261047
572308	261170
572341	261287
572390	261409
572442	261532
572493	261654
572541	261776
572590	261897
572636	262019
572680	262140
572719	262260
572756	262377
572788	262491
572817	262602
572845	262712
572867	262818
572883	262925
572903	263033
572919	263141
572932	263251
572954	263365
572955	263471
572965	263580
572971	263691
572979	263806
572989	263923
572999	264039
573011	264157
573014	264278
573021	264397
573031	264516
573039	264636
573050	264759
573064	264881
573077	265004
573086	265127
573094	265251
573102	265376
573112	265501
573122	265626
573133	265753
573143	265880
573145	266004
573147	266130
573161	266258
573169	266389
573171	266519
573182	266644
573190	266776
573197	266906
573201	267035
573207	267172
573205	267297
573209	267429
573229	267567
573234	267697
573251	267830
573257	267957
573254	268081
573264	268203
573282	268324
573306	268444
573318	268563
573333	268679
573357	268791
573384	268901
573400	269005
573450	269113
573498	269217
573550	269319
573604	269419
573658	269520
573714	269619
573778	269720
573840	269818
573902	269916
573971	270014
574059	270118
574115	270216
574183	270317
574274	270422
574364	270520
574454	270608
574550	270709
574639	270819
574718	270924
574809	271032
574900	271138
575003	271244
575106	271362
575199	271474
575300	271587
575398	271692
575495	271791
575595	271895
575694	271991
575792	272096
575877	272204
575966	272307
576078	272410
576168	272506
576258	272605
576347	272702
576434	272798
576510	272887
576581	272974
576654	273061
576727	273144
576792	273224
576866	273295
576928	273368
576989	273440
577051	273515
577108	273580
577163	273632
577219	273684
577264	273742
577313	273794
577341	273852
577383	273895
577426	273946
577465	273982
577491	274025
577526	274071
577557	274126
577584	274155
577607	274187
577645	274227
577676	274262
577712	274300
577736	274333
577771	274372
577814	274412
577851	274457
577862	274518
577896	274565
577906	274617
577916	274678
577927	274766
577911	274836
577889	274911
577861	274983
577823	275045
577779	275120
577728	275198
577670	275275
577605	275349
577534	275419
577456	275488
577371	275556
577281	275620
577185	275685
577087	275749
576986	275810
576879	275873
576767	275934
576651	275994
576537	276053
576419	276112
576300	276169
576178	276223
576054	276281
575926	276344
575798	276398
575690	276462
575548	276523
575418	276586
575278	276641
575127	276703
574992	276764
574850	276825
574709	276887
574576	276946
574438	277005
574300	277066
574161	277126
574024	277184
573893	277238
573764	277290
573643	277341
573524	277386
573408	277426
573313	277468
573222	277507
573135	277546
573052	277582
572965	277610
572887	277633
572816	277660
572746	277687
572673	277712
572602	277741
572531	277769
572456	277799
572380	277828
572303	277860
572224	277894
572137	277929
572047	277967
571954	278007
571855	278048
571755	278091
571654	278136
571550	278181
571442	278227
571332	278275
571217	278322
571102	278370
570983	278419
570862	278469
570737	278519
570610	278570
570481	278621
570351	278673
570219	278726
570085	278779
569950	278833
569814	278887
569678	278941
569539	278997
569399	279053
569258	279110
569117	279167
568973	279225
568828	279284
568682	279342
568535	279402
568388	279461
568240	279521
568091	279581
567943	279641
567795	279701
567646	279761
567498	279822
567350	279882
567202	279942
567053	280003
566905	280061
566757	280121
566608	280180
566459	280240
566311	280300
566163	280360
566014	280421
565868	280483
565720	280544
565572	280606
565425	280669
565278	280731
565130	280792
564982	280853
564834	280915
564687	280978
564538	281039
564392	281101
564246	281160
564120	281207
563980	281274
563826	281334
563691	281398
563544	281456
563401	281515
563260	281572
563128	281629
562992	281683
562864	281734
562737	281783
562616	281831
562502	281878
562382	281918
562273	281963
562171	281998
562075	282044
561976	282083
561879	282126
561780	282170
561681	282201
561599	282234
561498	282278
561407	282321
561315	282368
561209	282396
561096	282434
560989	282481
560877	282527
560765	282578
560649	282630
560523	282673
560402	282720
560298	282779
560177	282839
560042	282889
559906	282944
559770	282985
559627	283042
559491	283104
559349	283167
559214	283235
559085	283290
558951	283354
558816	283421
558670	283485
558519	283539
558378	283610
558240	283681
558101	283752
557963	283813
557829	283885
557686	283957
557549	284031
557423	284102
557288	284177
557155	284260
557021	284350
556869	284431
556729	284523
556596	284610
556453	284691
556317	284783
556183	284876
556048	284958
555924	285056
555797	285147
555658	285239
555530	285332
555428	285416
555304	285506
555170	285591
555044	285689
554917	285782
554789	285873
554672	285967
554547	286062
554438	286161
554320	286257
554149	286281
554052	286403
553942	286511
553830	286616
553719	286715
553606	286809
553501	286898
553378	286985
553260	287077
553146	287158
553032	287249
552919	287343
552807	287438
552694	287533
552582	287628
552468	287725
552354	287819
552239	287914
552125	288008
552012	288100
551905	288198
551794	288302
551695	288395
551567	288478
551457	288571
551354	288674
551255	288777
551138	288864
551025	288960
550915	289049
550801	289148
550691	289231
550573	289324
550456	289418
550333	289514
550221	289607
550100	289702
549983	289794
549871	289888
549756	289981
549640	290078
549537	290171
549428	290261
549298	290357
549161	290431
549062	290539
548948	290640
548829	290743
548711	290842
548589	290945
548464	291044
548342	291142
548239	291245
548123	291336
548003	291442
547879	291523
547753	291627
547619	291732
547510	291827
547396	291932
547272	292033
547156	292139
547037	292247
546923	292347
546816	292432
546713	292514
546598	292617
546456	292718
546323	292821
546209	292923
546085	293023
545973	293122
545860	293224
545747	293336
545626	293440
545505	293544
545381	293642
545255	293740
545129	293838
545018	293945
544892	294044
544769	294139
544643	294240
544519	294327
544412	294426
544290	294533
544180	294625
544074	294711
543954	294800
543842	294891
543731	294983
543621	295070
543513	295157
543416	295251
543306	295341
543195	295418
543088	295505
542996	295591
542907	295678
542810	295757
542726	295836
542635	295912
542538	295996
542467	296066
542380	296120
542287	296183
542195	296278
542108	296355
542051	296440
541963	296512
541862	296587
541765	296665
541660	296748
541554	296831
541449	296910
541347	296984
541250	297066
541158	297157
541047	297205
540961	297292
540872	297378
540792	297461
540709	297534
540635	297616
540568	297706
540506	297779
540446	297875
540389	297967
540338	298060
540293	298153
540263	298253
540232	298349
540197	298449
540177	298552
540172	298658
540178	298761
540200	298863
540211	298968
540256	299065
540309	299166
540374	299257
540435	299357
540497	299458
540545	299560
540596	299661
540652	299764
540714	299870
540776	299976
540836	300083
540894	300190
540966	300309
541033	300421
541108	300542
541174	300661
541242	300778
541305	300893
541383	301012
541459	301132
541538	301251
541619	301369
541700	301483
541758	301595
541814	301705
541899	301829
541974	301960
542036	302089
542105	302216
542158	302343
542238	302466
542315	302596
542390	302728
542464	302852
542541	302974
542608	303098
542680	303216
542753	303341
542830	303469
542907	303597
542981	303736
543054	303858
543129	303975
543196	304089
543261	304190
543323	304296
543390	304405
543451	304516
543511	304619
543577	304725
543640	304835
543714	304945
543776	305047
543835	305153
543902	305263
543959	305369
544024	305478
544096	305585
544169	305698
544235	305812
544302	305923
544364	306023
544424	306125
544482	306229
544543	306333
544605	306432
544662	306527
544726	306617
544803	306700
544888	306778
544964	306852
545044	306927
545132	306992
545227	307053
545327	307111
545429	307161
545533	307204
545639	307241
545748	307273
545861	307301
545979	307324
546100	307343
546225	307358
546354	307367
546487	307373
546618	307374
546757	307363
546893	307355
547032	307343
547173	307329
547316	307310
547459	307284
547599	307253
547738	307217
547882	307175
548025	307129
548163	307081
548301	307026
548438	306964
548573	306900
548708	306832
548844	306760
548980	306685
549119	306609
549257	306531
549395	306452
549533	306372
549672	306291
549811	306211
549950	306130
550088	306050
550227	305969
550364	305888
550502	305807
550643	305728
550777	305646
550913	305564
551055	305485
551188	305402
551326	305321
551461	305240
551599	305159
551738	305078
551878	304998
552020	304920
552158	304839
552298	304758
552441	304677
552581	304596
552721	304516
552860	304434
552998	304352
553137	304271
553280	304191
553425	304114
553564	304033
553703	303952
553842	303872
553982	303791
554121	303710
554260	303630
554399	303549
554539	303468
554679	303388
554820	303310
554960	303231
555100	303151
555239	303072
555379	302992
555519	302914
555658	302835
555797	302755
555935	302675
556072	302594
556210	302516
556348	302436
556484	302356
556620	302275
556756	302195
556893	302118
557028	302040
557163	301961
557297	301882
557431	301802
557565	301725
557697	301648
557828	301570
557958	301494
558087	301418
558215	301343
558342	301270
558467	301198
558586	301128
558700	301062
558808	301000
558908	300942
559003	300889
559092	300838
559176	300790
559257	300745
559329	300700
559401	300653
559485	300611
559571	300567
559652	300525
559727	300483
559803	300442
559880	300400
559957	300354
560040	300307
560128	300257
560216	300207
560309	300156
560402	300104
560496	300051
560595	299996
560695	299939
560784	299876
560892	299820
560999	299761
561108	299702
561216	299640
561324	299579
561418	299518
561532	299453
561658	299387
561780	299320
561901	299251
562023	299182
562147	299116
562272	299048
562398	298978
562525	298906
562653	298834
562783	298764
562919	298694
563049	298620
563180	298545
563312	298469
563447	298393
563582	298317
563718	298239
563854	298161
563991	298083
564128	298005
564266	297927
564404	297848
564543	297768
564678	297687
564819	297609
564960	297530
565099	297450
565241	297369
565384	297289
565526	297209
565669	297128
565812	297046
565956	296963
566100	296881
566245	296801
566389	296719
566533	296635
566676	296553
566819	296471
566960	296392
567098	296314
567232	296237
567364	296161
567492	296087
567623	296016
567744	295945
567866	295875
567989	295804
568106	295731
568227	295667
568346	295603
568463	295536
568582	295468
568700	295399
568822	295330
568946	295260
569075	295189
569199	295116
569325	295042
569454	294969
569585	294895
569717	294819
569850	294742
569984	294664
570120	294586
570261	294509
570397	294427
570539	294346
570680	294263
570822	294180
570967	294095
571111	294009
571258	293922
571406	293834
571554	293747
571703	293659
571850	293572
571997	293485
572141	293400
572282	293316
572422	293235
572558	293156
572692	293081
572826	293011
572942	292939
573040	292863
573160	292800
573277	292740
573390	292679
573502	292621
573609	292562
573715	292502
573822	292441
573928	292380
574036	292319
574144	292259
574255	292198
574369	292132
574488	292063
574609	291993
574732	291920
574860	291846
574990	291771
575124	291694
575260	291618
575396	291538
575535	291457
575675	291374
575816	291291
575961	291209
576104	291125
576250	291040
576396	290953
576543	290864
576692	290777
576841	290688
576993	290599
577144	290509
577295	290419
577451	290331
577604	290240
577756	290149
577910	290058
578065	289967
578220	289876
578377	289784
578534	289693
578692	289602
578851	289511
579010	289420
579168	289329
579327	289239
579486	289148
579645	289057
579803	288968
579962	288878
580122	288788
580282	288698
580440	288609
580599	288521
580757	288434
580912	288346
581065	288258
581217	288170
581369	288085
581521	288000
581671	287915
581819	287830
581965	287747
582109	287666
582249	287587
582386	287508
582519	287432
582648	287357
582775	287285
582901	287214
583023	287144
583145	287075
583265	287006
583384	286938
583501	286872
583616	286808
583730	286743
583844	286679
583956	286615
584066	286552
584177	286490
584281	286429
584391	286368
584498	286307
584603	286245
584705	286184
584803	286123
584902	286063
585004	286004
585101	285945
585197	285888
585294	285834
585392	285783
585491	285738
585592	285698
585695	285666
585796	285642
585900	285625
586007	285617
586113	285617
586217	285624
586321	285639
586424	285663
586525	285698
586621	285744
586711	285798
586795	285863
586872	285935
586936	286011
586998	286094
587053	286181
587106	286273
587148	286364
587192	286459
587235	286558
587277	286658
587320	286760
587363	286863
587404	286966
587447	287070
587493	287178
587539	287285
587589	287393
587641	287501
587697	287610
587753	287720
587808	287829
587866	287937
587926	288044
587983	288149
588039	288254
588097	288356
588157	288457
588216	288556
588276	288652
588336	288744
588397	288833
588458	288918
588521	289000
588585	289076
588649	289146
588721	289210
588789	289270
588872	289323
588932	289372
589006	289414
589083	289447
589161	289472
589239	289490
589320	289497
589400	289500
589480	289497
589562	289488
589645	289473
589731	289450
589815	289422
589907	289393
589994	289358
590086	289320
590175	289279
590260	289236
590358	289194
590461	289150
590569	289107
590676	289062
590785	289015
590897	288968
591009	288918
591120	288869
591229	288817
591347	288765
591470	288713
591591	288660
591714	288607
591838	288553
591963	288499
592087	288446
592216	288390
592348	288339
592478	288280
592602	288218
592734	288159
592864	288099
592988	288035
593107	287971
593217	287902
593329	287833
593440	287765
593561	287700
593693	287639
593820	287576
593946	287509
594066	287446
594195	287380
594320	287314
594435	287243
594552	287176
594670	287109
594788	287046
594906	286983
595025	286922
595142	286859
595258	286799
595372	286737
595485	286675
595597	286614
595708	286552
595816	286492
595924	286433
596031	286372
596142	286312
596251	286253
596363	286192
596479	286131
596593	286068
596712	286005
596832	285939
596956	285871
597078	285805
597198	285738
597324	285671
597450	285601
597575	285531
597699	285461
597824	285394
597949	285328
598072	285262
598194	285196
598312	285127
598426	285055
598537	284983
598640	284902
598734	284812
598820	284724
598894	284632
598958	284535
599014	284433
599055	284329
599084	284224
599105	284117
599124	284008
599139	283898
599151	283785
599164	283669
599174	283549
599185	283430
599200	283309
599216	283188
599232	283065
599248	282942
599263	282818
599278	282696
599294	282575
599311	282451
599328	282330
599345	282212
599362	282093
599378	281973
599396	281853
599415	281734
599437	281615
599465	281498
599500	281384
599544	281274
599595	281167
599653	281064
599718	280965
599791	280871
599877	280786
599963	280706
600049	280628
600141	280557
600230	280487
600320	280419
600410	280355
600500	280291
600588	280228
600673	280165
600753	280100
600826	280034
600890	279966
600945	279895
600994	279824
601029	279748
601055	279672
601071	279595
601077	279520
601072	279446
601060	279373
601033	279301
600998	279231
600957	279160
600906	279089
600853	279020
600796	278950
600732	278876
600671	278804
600608	278731
600540	278656
600467	278578
600398	278502
600328	278428
600258	278351
600186	278273
600112	278191
600035	278107
599957	278020
599877	277925
599793	277829
599709	277732
599625	277632
599538	277531
599450	277427
599359	277321
599266	277213
599172	277104
599077	276994
598976	276881
598876	276769
598776	276657
598672	276544
598578	276433
598471	276321
598368	276207
598262	276090
598166	275976
598061	275861
597960	275745
597856	275630
597755	275515
597653	275404
597554	275288
597454	275177
597355	275064
597254	274952
597157	274841
597058	274733
596959	274622
596862	274512
596763	274404
596666	274297
596570	274190
596470	274085
596374	273979
596279	273874
596186	273770
596091	273666
595993	273562
595900	273457
595807	273355
595706	273255
595611	273155
595526	273053
595438	272953
595344	272853
595248	272753
595154	272653
595063	272551
594970	272453
594878	272353
594785	272252
594693	272155
594602	272058
594510	271959
594424	271859
594335	271764
594250	271666
594163	271571
594074	271476
593988	271382
593903	271287
593819	271195
593735	271102
593655	271009
593578	270921
593499	270831
593417	270737
593330	270648
593257	270560
593178	270477
593107	270386
593032	270297
592952	270211
592871	270126
592792	270040
592717	269955
592642	269868
592564	269780
592482	269689
592409	269603
592336	269516
592257	269427
592176	269343
592095	269256
592021	269175
591947	269088
591873	269006
591799	268926
591731	268851
591662	268776
591597	268701
591538	268629
591479	268560
591422	268487
591370	268416
591326	268344
591288	268272
591257	268200
591232	268127
591217	268048
591212	267967
591219	267884
591239	267801
591267	267721
591308	267641
591360	267562
591423	267486
591494	267411
591570	267339
591651	267267
591736	267197
591827	267127
591921	267057
592017	266985
592113	266916
592211	266847
592309	266778
592411	266712
592499	266647
592593	266583
592690	266523
592784	266463
592882	266406
592975	266347
593070	266287
593168	266228
593273	266167
593374	266105
593472	266044
593571	265980
593666	265910
593758	265839
593846	265764
593932	265684
594015	265602
594091	265516
594160	265428
594224	265339
594282	265247
594332	265154
594376	265060
594412	264963
594438	264864
594456	264767
594466	264667
594469	264568
594462	264468
594441	264369
594417	264269
594381	264169
594341	264069
594294	263972
594245	263877
594187	263778
594124	263680
594060	263585
593992	263490
593920	263393
593844	263297
593766	263201
593685	263104
593601	263007
593515	262910
593431	262813
593346	262716
593261	262621
593175	262526
593094	262431
593013	262337
592931	262244
592851	262151
592769	262060
592685	261969
592603	261879
592521	261791
592440	261703
592359	261615
592279	261528
592199	261441
592118	261355
592039	261269
591958	261183
591875	261091
591790	260997
591708	260907
591626	260816
591541	260721
591454	260625
591367	260527
591278	260429
591189	260331
591097	260232
591004	260131
590911	260029
590817	259927
590722	259825
590628	259722
590533	259618
590439	259514
590343	259412
590249	259312
590152	259211
590057	259110
589962	259012
589870	258912
589777	258813
589681	258714
589586	258613
589488	258511
589390	258408
589294	258304
589197	258201
589099	258099
589001	257996
588904	257893
588809	257790
588713	257686
588617	257580
588523	257474
588430	257368
588335	257265
588236	257164
588139	257062
588039	256964
587942	256864
587847	256762
587754	256660
587659	256559
587569	256458
587476	256360
587386	256262
587296	256164
587210	256065
587126	255964
587043	255866
586963	255770
586886	255673
586813	255575
586741	255478
586675	255379
586611	255282
586550	255183
586491	255085
586436	254989
586381	254890
586327	254790
586274	254690
586220	254591
586167	254492
586113	254395
586057	254298
586000	254203
585939	254111
585878	254024
585817	253939
585753	253857
585691	253773
585627	253696
585564	253621
585500	253543
585433	253465
585369	253391
585311	253317
585250	253243
585185	253167
585121	253091
585056	253015
584990	252937
584925	252858
584857	252778
584788	252698
584719	252617
584647	252535
584576	252452
584503	252368
584428	252284
584354	252199
584279	252113
584204	252028
584127	251941
584050	251855
583974	251768
583897	251680
583821	251592
583745	251506
583670	251418
583593	251331
583515	251246
583440	251160
583366	251075
583291	250991
583215	250907
583139	250823
583066	250740
582991	250657
582918	250575
582839	250495
582761	250414
582686	250334
582602	250259
582517	250185
582432	250110
582346	250035
582260	249960
582175	249885
582088	249809
581999	249731
581910	249652
581823	249569
581735	249484
581646	249399
581556	249311
581466	249220
581377	249127
581289	249033
581202	248937
581113	248842
581025	248746
580937	248649
580849	248553
580761	248457
580673	248360
580585	248264
580496	248168
580407	248071
580319	247974
580230	247878
580141	247782
580051	247686
579962	247590
579874	247494
579785	247399
579695	247304
579608	247210
579522	247116
579435	247025
579350	246934
579265	246844
579181	246755
579099	246667
579018	246580
578937	246494
578858	246410
578779	246325
578703	246241
578627	246159
578551	246078
578478	245999
578407	245923
578339	245851
578272	245780
578208	245712
578148	245647
578092	245583
578037	245524
577983	245468
577927	245415
577874	245365
577816	245318
577755	245275
577694	245238
577629	245206
577563	245181
577494	245163
577425	245153
577355	245151
577284	245156
577210	245167
577131	245183
577054	245205
576977	245231
576899	245261
576820	245294
576743	245333
576670	245375
576587	245418
576502	245463
576417	245510
576331	245559
576244	245611
576153	245664
576061	245718
575968	245773
575874	245828
575780	245884
575686	245940
575594	245995
575500	246050
575410	246104
575318	246159
575225	246214
575130	246272
575035	246329
574939	246384
574844	246440
574752	246497
574661	246551
574568	246604
574484	246652
574392	246708
574300	246762
574210	246816
574126	246865
574038	246919
573968	246976
573869	247026
573776	247074
573683	247120
573594	247166
573503	247211
573412	247251
573324	247294
573233	247331
573135	247361
573037	247385
572938	247403
572839	247416
572738	247423
572638	247425
572538	247426
572439	247426
572341	247428
572251	247437
572158	247449
572069	247469
571985	247494
571907	247525
571833	247558
571760	247592
571688	247628
571620	247665
571554	247702
571490	247739
571426	247775
571366	247809
571309	247840
571258	247868
571212	247894
571171	247917
571134	247938
571102	247956
571074	247972
571050	247987
571029	247998
571011	248007
570997	248015
570988	248021
570982	248024
570981	248025